#--------------------------#
#PLATO:: 'Box_ODE' app
#Database (path to): '/Users/ecisneros/Packages/plato-database/'
#Mixture:            'air5'
#Kinetics:           'air5'
#Transfer:           'TTv'
# t [s]  Y_N  Y_O  Y_N2  Y_NO  Y_O2  Th [K]  Tv [K]  rho [kg/m^3]  p [Pa]  n [1/m^3]  E [J/kg]
1.006689850650E-08 9.627640621697E-13 1.666340072674E-09 7.670829987720E-01 2.070788366322E-12 2.329169995586E-01 9.974603061200E+03 7.976221994820E+02 6.939810430320E-03 1.994920615240E+04 1.448594105390E+23 6.906618909260E+06
1.047360140810E-08 1.126301238426E-12 1.885799979099E-09 7.670829987722E-01 2.422850899059E-12 2.329169993385E-01 9.973588319170E+03 8.050812613520E+02 6.939810430320E-03 1.994717667230E+04 1.448594105670E+23 6.906618909170E+06
1.089673510700E-08 1.318851588339E-12 2.135687632678E-09 7.670829987718E-01 2.837442069064E-12 2.329169990883E-01 9.972533482540E+03 8.126981628820E+02 6.939810430320E-03 1.994506700350E+04 1.448594106000E+23 6.906618909120E+06
1.111466990920E-08 1.427627500773E-12 2.273385873421E-09 7.670829987714E-01 3.071683575382E-12 2.329169989507E-01 9.971990547070E+03 8.165668902800E+02 6.939810430320E-03 1.994398113500E+04 1.448594106180E+23 6.906618909090E+06
1.156370277550E-08 1.673946158785E-12 2.577323510984E-09 7.670829987708E-01 3.602185872774E-12 2.329169986466E-01 9.970872647470E+03 8.244271342620E+02 6.939810430320E-03 1.994174534130E+04 1.448594106580E+23 6.906618909040E+06
1.203087656960E-08 1.964458260672E-12 2.923880266250E-09 7.670829987700E-01 4.227983928868E-12 2.329169982999E-01 9.969710674770E+03 8.324541621870E+02 6.939810430320E-03 1.993942140210E+04 1.448594107030E+23 6.906618908960E+06
1.227149420100E-08 2.128777975473E-12 3.115039879475E-09 7.670829987698E-01 4.581998228647E-12 2.329169981084E-01 9.969112633910E+03 8.365313973830E+02 6.939810430320E-03 1.993822532390E+04 1.448594107280E+23 6.906618908910E+06
1.276726276870E-08 2.501338023852E-12 3.537409648566E-09 7.670829987688E-01 5.384770518946E-12 2.329169976859E-01 9.967881355430E+03 8.448157294370E+02 6.939810430320E-03 1.993576277450E+04 1.448594107830E+23 6.906618908840E+06
1.328306038660E-08 2.941449841565E-12 4.019639600589E-09 7.670829987682E-01 6.333292532879E-12 2.329169972029E-01 9.966601651650E+03 8.532765236320E+02 6.939810430320E-03 1.993320337560E+04 1.448594108460E+23 6.906618908790E+06
1.354872169430E-08 3.190677693767E-12 4.285891528633E-09 7.670829987680E-01 6.870507862665E-12 2.329169969361E-01 9.965943064000E+03 8.575743647370E+02 6.939810430320E-03 1.993188620510E+04 1.448594108810E+23 6.906618908760E+06
1.409609025280E-08 3.756416315315E-12 4.874746403644E-09 7.670829987667E-01 8.090169274539E-12 2.329169963467E-01 9.964587228400E+03 8.663075423630E+02 6.939810430320E-03 1.992917454450E+04 1.448594109580E+23 6.906618908670E+06
1.437801215780E-08 4.076999388310E-12 5.200048329486E-09 7.670829987658E-01 8.781419886610E-12 2.329169960213E-01 9.963889492190E+03 8.707439449070E+02 6.939810430320E-03 1.992777907790E+04 1.448594110010E+23 6.906618908620E+06
1.495888405100E-08 4.805204187368E-12 5.919899788984E-09 7.670829987643E-01 1.035187096550E-11 2.329169953006E-01 9.962453129660E+03 8.797590982240E+02 6.939810430320E-03 1.992490636580E+04 1.448594110950E+23 6.906618908530E+06
1.556322316870E-08 5.667507773136E-12 6.743389889613E-09 7.670829987630E-01 1.221196206767E-11 2.329169944757E-01 9.960960523940E+03 8.889677635360E+02 6.939810430320E-03 1.992192116910E+04 1.448594112020E+23 6.906618908470E+06
1.587448773210E-08 6.156664300910E-12 7.198712071699E-09 7.670829987617E-01 1.326732204031E-11 2.329169940202E-01 9.960192466630E+03 8.936460831560E+02 6.939810430320E-03 1.992038506270E+04 1.448594112620E+23 6.906618908440E+06
1.651581723840E-08 7.268978177223E-12 8.207170784920E-09 7.670829987597E-01 1.566761233509E-11 2.329169930102E-01 9.958611475660E+03 9.031535977900E+02 6.939810430320E-03 1.991722309890E+04 1.448594113940E+23 6.906618908340E+06
1.718305645690E-08 8.587947768262E-12 9.362134421241E-09 7.670829987566E-01 1.851459482974E-11 2.329169918542E-01 9.956968770390E+03 9.128662282180E+02 6.939810430320E-03 1.991393770910E+04 1.448594115450E+23 6.906618908230E+06
1.752671768600E-08 9.336905632531E-12 1.000126231402E-08 7.670829987556E-01 2.013153555969E-11 2.329169912136E-01 9.956123551780E+03 9.178009663740E+02 6.939810430320E-03 1.991224728330E+04 1.448594116280E+23 6.906618908180E+06
1.823479728250E-08 1.104171074643E-11 1.141798895359E-08 7.670829987516E-01 2.381285558851E-11 2.329169897955E-01 9.954383892410E+03 9.278303498270E+02 6.939810430320E-03 1.990876799000E+04 1.448594118140E+23 6.906618908120E+06
1.859949332820E-08 1.201031145268E-11 1.220233742712E-08 7.670829987499E-01 2.590487382699E-11 2.329169890099E-01 9.953488840180E+03 9.329262357160E+02 6.939810430320E-03 1.990697789960E+04 1.448594119160E+23 6.906618908080E+06
1.935091306060E-08 1.421633866812E-11 1.394178021024E-08 7.670829987460E-01 3.067060073275E-11 2.329169872673E-01 9.951646722530E+03 9.432835328530E+02 6.939810430320E-03 1.990329369550E+04 1.448594121440E+23 6.906618907960E+06
2.013269015030E-08 1.683753893656E-11 1.593723598760E-08 7.670829987405E-01 3.633496281662E-11 2.329169852691E-01 9.949733100560E+03 9.538657608810E+02 6.939810430320E-03 1.989946648740E+04 1.448594124050E+23 6.906618907850E+06
2.053534405330E-08 1.832813345467E-11 1.704279604441E-08 7.670829987375E-01 3.955685826746E-11 2.329169841618E-01 9.948748647350E+03 9.592428215500E+02 6.939810430320E-03 1.989749760080E+04 1.448594125490E+23 6.906618907790E+06
2.136497215500E-08 2.172607624004E-11 1.949636278691E-08 7.670829987308E-01 4.690327332928E-11 2.329169817042E-01 9.946722751270E+03 9.701720487860E+02 6.939810430320E-03 1.989344585270E+04 1.448594128700E+23 6.906618907710E+06
2.222811723210E-08 2.576815591814E-11 2.231364334696E-08 7.670829987220E-01 5.564526099338E-11 2.329169788829E-01 9.944618528430E+03 9.813390391740E+02 6.939810430320E-03 1.988923745750E+04 1.448594132390E+23 6.906618907610E+06
2.267267967670E-08 2.806866057354E-11 2.387555349860E-08 7.670829987175E-01 6.062194173446E-11 2.329169773182E-01 9.943536144830E+03 9.870133002420E+02 6.939810430320E-03 1.988707271830E+04 1.448594134430E+23 6.906618907530E+06
2.358865613770E-08 3.331719634373E-11 2.734413444104E-08 7.670829987075E-01 7.197919221830E-11 2.329169738431E-01 9.941308981630E+03 9.985465411490E+02 6.939810430320E-03 1.988261845410E+04 1.448594138970E+23 6.906618907490E+06
2.454163804760E-08 3.956724234636E-11 3.133012659872E-08 7.670829986944E-01 8.550860622721E-11 2.329169698504E-01 9.938996083710E+03 1.010330498780E+03 6.939810430320E-03 1.987799272970E+04 1.448594144190E+23 6.906618908660E+06
2.503247090860E-08 4.312706453161E-11 3.354124430019E-08 7.670829986875E-01 9.321669576446E-11 2.329169676349E-01 9.937806508380E+03 1.016318490610E+03 6.939810430320E-03 1.987561361870E+04 1.448594147080E+23 6.906618908370E+06
2.604378293530E-08 5.125472933028E-11 3.845431382306E-08 7.670829986711E-01 1.108208292134E-10 2.329169627125E-01 9.935359097850E+03 1.028490905210E+03 6.939810430320E-03 1.987071888570E+04 1.448594153510E+23 6.906618908870E+06
2.656465869400E-08 5.588588100715E-11 4.118057255421E-08 7.670829986618E-01 1.208546856017E-10 2.329169599809E-01 9.934100440470E+03 1.034677109580E+03 6.939810430320E-03 1.986820161980E+04 1.448594157080E+23 6.906618909210E+06
2.763787110720E-08 6.646394359596E-11 4.724022560650E-08 7.670829986406E-01 1.437804222478E-10 2.329169539089E-01 9.931511116870E+03 1.047254045450E+03 6.939810430320E-03 1.986302308110E+04 1.448594165010E+23 6.906618909510E+06
2.875444130200E-08 7.907892807786E-11 5.421173174995E-08 7.670829986148E-01 1.711325832694E-10 2.329169469232E-01 9.928822897490E+03 1.060109854870E+03 6.939810430320E-03 1.985764676720E+04 1.448594174130E+23 6.906618909770E+06
2.932953022800E-08 8.627149441346E-11 5.808216864272E-08 7.670829986007E-01 1.867328516857E-10 2.329169430441E-01 9.927440594950E+03 1.066644688090E+03 6.939810430320E-03 1.985488223140E+04 1.448594179200E+23 6.906618909840E+06
3.051444345120E-08 1.027103847518E-10 6.668931219596E-08 7.670829985679E-01 2.224003871373E-10 2.329169344176E-01 9.924597330070E+03 1.079933003310E+03 6.939810430320E-03 1.984919585570E+04 1.448594190460E+23 6.906618909560E+06
3.174722716860E-08 1.223303181865E-10 7.659802747592E-08 7.670829985280E-01 2.649901340646E-10 2.329169244866E-01 9.921646071490E+03 1.093519368860E+03 6.939810430320E-03 1.984329351590E+04 1.448594203430E+23 6.906618909480E+06
3.238217181200E-08 1.335231490155E-10 8.210168356073E-08 7.670829985051E-01 2.892956787668E-10 2.329169189704E-01 9.920128750160E+03 1.100426802910E+03 6.939810430320E-03 1.984025897170E+04 1.448594210640E+23 6.906618909500E+06
3.369041175520E-08 1.591191161469E-10 9.434639253764E-08 7.670829984540E-01 3.448995386120E-10 2.329169066956E-01 9.917008271500E+03 1.114475230310E+03 6.939810430320E-03 1.983401823340E+04 1.448594226670E+23 6.906618909350E+06
3.436422009030E-08 1.737256674255E-10 1.011492644395E-07 7.670829984245E-01 3.766425732456E-10 2.329168998759E-01 9.915404111480E+03 1.121618279650E+03 6.939810430320E-03 1.983081003500E+04 1.448594235570E+23 6.906618909210E+06
3.575253478400E-08 2.071383505868E-10 1.162882598096E-07 7.670829983571E-01 4.492849719200E-10 2.329168846982E-01 9.912105387730E+03 1.136147271890E+03 6.939810430320E-03 1.982421285820E+04 1.448594255400E+23 6.906618909030E+06
3.719693739130E-08 2.470600296234E-10 1.337320677414E-07 7.670829982770E-01 5.361268796903E-10 2.329168672078E-01 9.908682621930E+03 1.151007210230E+03 6.939810430320E-03 1.981736763840E+04 1.448594278240E+23 6.906618908940E+06
3.794087623910E-08 2.698521881797E-10 1.434270784014E-07 7.670829982307E-01 5.857278814261E-10 2.329168574867E-01 9.906923380910E+03 1.158563982770E+03 6.939810430320E-03 1.981384932960E+04 1.448594290940E+23 6.906618908830E+06
3.947368784110E-08 3.220131819746E-10 1.650100372002E-07 7.670829981256E-01 6.992935624109E-10 2.329168358430E-01 9.903306430900E+03 1.173936629210E+03 6.939810430320E-03 1.980661581510E+04 1.448594319200E+23 6.906618908550E+06
4.106842503190E-08 3.843706664544E-10 1.898900537724E-07 7.670829979995E-01 8.351425077682E-10 2.329168108909E-01 9.899554430980E+03 1.189662198320E+03 6.939810430320E-03 1.979911225950E+04 1.448594351790E+23 6.906618908270E+06
4.188979363260E-08 4.199859745241E-10 2.037223050904E-07 7.670829979284E-01 9.127685902979E-10 2.329167970166E-01 9.897626348270E+03 1.197660165420E+03 6.939810430320E-03 1.979525634100E+04 1.448594369910E+23 6.906618908190E+06
4.358214149730E-08 5.015245949245E-10 2.345246425347E-07 7.670829977639E-01 1.090576337459E-09 2.329167661194E-01 9.893663070390E+03 1.213932232180E+03 6.939810430320E-03 1.978733033500E+04 1.448594410260E+23 6.906618908040E+06
4.534286021580E-08 5.990483542420E-10 2.700450490500E-07 7.670829975668E-01 1.303386067344E-09 2.329167304857E-01 9.889552954050E+03 1.230580292820E+03 6.939810430320E-03 1.977911073600E+04 1.448594456800E+23 6.906618907790E+06
4.624971752010E-08 6.547668074945E-10 2.897976328340E-07 7.670829974540E-01 1.425033856468E-09 2.329167106686E-01 9.887441293310E+03 1.239048293240E+03 6.939810430320E-03 1.977488776680E+04 1.448594482680E+23 6.906618907670E+06
4.811820630990E-08 7.823693409270E-10 3.337932577676E-07 7.670829971965E-01 1.703776267583E-09 2.329166665241E-01 9.883101620250E+03 1.256278272340E+03 6.939810430320E-03 1.976620920510E+04 1.448594540330E+23 6.906618907480E+06
4.908057053610E-08 8.552842537562E-10 3.582614143768E-07 7.670829970496E-01 1.863143049750E-09 2.329166419706E-01 9.880872325170E+03 1.265042698030E+03 6.939810430320E-03 1.976175105100E+04 1.448594572400E+23 6.906618907400E+06
5.106342578780E-08 1.022293296860E-09 4.127651499337E-07 7.670829967118E-01 2.228379819633E-09 2.329165872724E-01 9.876291550470E+03 1.282876617240E+03 6.939810430320E-03 1.975259047270E+04 1.448594643830E+23 6.906618907250E+06
5.312638839160E-08 1.222151010073E-09 4.756391994869E-07 7.670829963080E-01 2.665800235138E-09 2.329165241649E-01 9.871543412050E+03 1.301125673990E+03 6.939810430320E-03 1.974309531560E+04 1.448594726250E+23 6.906618906990E+06
5.418891625940E-08 1.336376680698E-09 5.106103352794E-07 7.670829960765E-01 2.915952311041E-09 2.329164890609E-01 9.869104881970E+03 1.310409059840E+03 6.939810430320E-03 1.973821887800E+04 1.448594772090E+23 6.906618906870E+06
5.637814867830E-08 1.598052134575E-09 5.885160179544E-07 7.670829955470E-01 3.489385301390E-09 2.329164108496E-01 9.864095430380E+03 1.329299994440E+03 6.939810430320E-03 1.972820136120E+04 1.448594874230E+23 6.906618906690E+06
5.865582608690E-08 1.911255186419E-09 6.783915556451E-07 7.670829949138E-01 4.176335091936E-09 2.329163206071E-01 9.858904736480E+03 1.348631854280E+03 6.939810430320E-03 1.971782157210E+04 1.448594992080E+23 6.906618906540E+06
5.982894270870E-08 2.090281354880E-09 7.283819313600E-07 7.670829945509E-01 4.569255954478E-09 2.329162704076E-01 9.856239623390E+03 1.358466431280E+03 6.939810430320E-03 1.971249223470E+04 1.448595057640E+23 6.906618906410E+06
6.224603219610E-08 2.500439373025E-09 8.397442390719E-07 7.670829937204E-01 5.470097131373E-09 2.329161585648E-01 9.850766194380E+03 1.378479559000E+03 6.939810430320E-03 1.970154735590E+04 1.448595203700E+23 6.906618906140E+06
6.349095294000E-08 2.734889700598E-09 9.016835880304E-07 7.670829932454E-01 5.985391345392E-09 2.329160963507E-01 9.847956386420E+03 1.388660807200E+03 6.939810430320E-03 1.969592884040E+04 1.448595284950E+23 6.906618906010E+06
6.605598764080E-08 3.272028018564E-09 1.039656075429E-06 7.670829921565E-01 7.166848739611E-09 2.329159577485E-01 9.842186794450E+03 1.409379477390E+03 6.939810430320E-03 1.968439210660E+04 1.448595465950E+23 6.906618905800E+06
6.872464974350E-08 3.914961154389E-09 1.198799563418E-06 7.670829908525E-01 8.582455808904E-09 2.329157978505E-01 9.836212091200E+03 1.430582209390E+03 6.939810430320E-03 1.967244552460E+04 1.448595674760E+23 6.906618905620E+06
7.009914283840E-08 4.282451429609E-09 1.287301693609E-06 7.670829901074E-01 9.392227511519E-09 2.329157089163E-01 9.833145865260E+03 1.441368561920E+03 6.939810430320E-03 1.966631464280E+04 1.448595790900E+23 6.906618905490E+06
7.293114841100E-08 5.124322220413E-09 1.484407122900E-06 7.670829883991E-01 1.124885319426E-08 2.329155108206E-01 9.826851683080E+03 1.463318226200E+03 6.939810430320E-03 1.965372977350E+04 1.448596049590E+23 6.906618905140E+06
7.587756700880E-08 6.131850377278E-09 1.711690007878E-06 7.670829863532E-01 1.347333229927E-08 2.329152823516E-01 9.820336464480E+03 1.485779890260E+03 6.939810430320E-03 1.964070336390E+04 1.448596347930E+23 6.906618904920E+06
7.739511844900E-08 6.707650074287E-09 1.838053186575E-06 7.670829851832E-01 1.474571748304E-08 2.329151553103E-01 9.816993915550E+03 1.497206262520E+03 6.939810430320E-03 1.963402050430E+04 1.448596513830E+23 6.906618904820E+06
8.052188143640E-08 8.026473436256E-09 2.119395405121E-06 7.670829825028E-01 1.766270565164E-08 2.329148724126E-01 9.810134773580E+03 1.520457210320E+03 6.939810430320E-03 1.962030720100E+04 1.448596883250E+23 6.906618904570E+06
8.213231916510E-08 8.780068246904E-09 2.275781539479E-06 7.670829809703E-01 1.933105004059E-08 2.329147151371E-01 9.806616493550E+03 1.532284647460E+03 6.939810430320E-03 1.961327340810E+04 1.448597088630E+23 6.906618904420E+06
8.545046506130E-08 1.050581776265E-08 2.623885935878E-06 7.670829774592E-01 2.315534878283E-08 2.329143649937E-01 9.799398246590E+03 1.556350627800E+03 6.939810430320E-03 1.959884307050E+04 1.448597545850E+23 6.906618904070E+06
8.890266405180E-08 1.256997645435E-08 3.024967885851E-06 7.670829732568E-01 2.773567893342E-08 2.329139614697E-01 9.791931981010E+03 1.580974352520E+03 6.939810430320E-03 1.958391762740E+04 1.448598072770E+23 6.906618903820E+06
9.068071743290E-08 1.374906969878E-08 3.247813617919E-06 7.670829708556E-01 3.035473584437E-08 2.329137372269E-01 9.788103653500E+03 1.593498976160E+03 6.939810430320E-03 1.957626490840E+04 1.448598365580E+23 6.906618903720E+06
9.434421861920E-08 1.644817071242E-08 3.743607135402E-06 7.670829653550E-01 3.635663215788E-08 2.329132382331E-01 9.780252178970E+03 1.618980966480E+03 6.939810430320E-03 1.956057071120E+04 1.448599017140E+23 6.906618903430E+06
9.815572525340E-08 1.967471768242E-08 4.314450914612E-06 7.670829587738E-01 4.354202050332E-08 2.329126635586E-01 9.772134968480E+03 1.645049572000E+03 6.939810430320E-03 1.954434635910E+04 1.448599767510E+23 6.906618903040E+06
1.001188398580E-07 2.151694310036E-08 4.631438958289E-06 7.670829550151E-01 4.764922819712E-08 2.329123443798E-01 9.767974449490E+03 1.658307459880E+03 6.939810430320E-03 1.953603090900E+04 1.448600184270E+23 6.906618902880E+06
1.041636411910E-07 2.573185230023E-08 5.336244521580E-06 7.670829464077E-01 5.705764657446E-08 2.329116345583E-01 9.759445010350E+03 1.685277592420E+03 6.939810430320E-03 1.951898444730E+04 1.448601111080E+23 6.906618902620E+06
1.083718524970E-07 3.076668355722E-08 6.147027909842E-06 7.670829361182E-01 6.831476393095E-08 2.329108177724E-01 9.750631544060E+03 1.712863072300E+03 6.939810430320E-03 1.950137178620E+04 1.448602177530E+23 6.906618902350E+06
1.105392896470E-07 3.363966337839E-08 6.596942063121E-06 7.670829302431E-01 7.474639333610E-08 2.329103644288E-01 9.746115972590E+03 1.726890125660E+03 6.939810430320E-03 1.949234855760E+04 1.448602769430E+23 6.906618902170E+06
1.150050771500E-07 4.020857006185E-08 7.596548506475E-06 7.670829168006E-01 8.947170033889E-08 2.329093569706E-01 9.736862455850E+03 1.755419921560E+03 6.939810430320E-03 1.947385909590E+04 1.448604084780E+23 6.906618901720E+06
1.173051787930E-07 4.395534969074E-08 8.150977968551E-06 7.670829091274E-01 9.788200042342E-08 2.329087980572E-01 9.732122618530E+03 1.769925466820E+03 6.939810430320E-03 1.946438916080E+04 1.448604814490E+23 6.906618901550E+06
1.220443082190E-07 5.251819622367E-08 9.382158053737E-06 7.670828915800E-01 1.171303170264E-07 2.329075566134E-01 9.722412024980E+03 1.799424790360E+03 6.939810430320E-03 1.944498958610E+04 1.448606435270E+23 6.906618901300E+06
1.269748984730E-07 6.273072647373E-08 1.079596308245E-05 7.670828706307E-01 1.401317104038E-07 2.329061305438E-01 9.712387146670E+03 1.829584220840E+03 6.939810430320E-03 1.942496462390E+04 1.448608297020E+23 6.906618900950E+06
1.295143965420E-07 6.855102480193E-08 1.157941976802E-05 7.670828586820E-01 1.532601750171E-07 2.329053400870E-01 9.707254440020E+03 1.844914855460E+03 6.939810430320E-03 1.941471294020E+04 1.448609328950E+23 6.906618900720E+06
1.347467783650E-07 8.184088013913E-08 1.331749945336E-05 7.670828313766E-01 1.832850095497E-07 2.329035859980E-01 9.696743641380E+03 1.876084605220E+03 6.939810430320E-03 1.939372177830E+04 1.448611618830E+23 6.906618900300E+06
1.401905484120E-07 9.767161211315E-08 1.531072782953E-05 7.670827988141E-01 2.191279772749E-07 2.329015736584E-01 9.685899159980E+03 1.907941006230E+03 6.939810430320E-03 1.937206768240E+04 1.448614245730E+23 6.906618899950E+06
1.429943594810E-07 1.066851836609E-07 1.641412753681E-05 7.670827802585E-01 2.395699102805E-07 2.329004593589E-01 9.680349339470E+03 1.924129891480E+03 6.939810430320E-03 1.936098732750E+04 1.448615700290E+23 6.906618899820E+06
1.487713318060E-07 1.272451155940E-07 1.885929006581E-05 7.670827378944E-01 2.862807591457E-07 2.328979892897E-01 9.668989619020E+03 1.957035248780E+03 6.939810430320E-03 1.933831058940E+04 1.448618924500E+23 6.906618899460E+06
1.517467585420E-07 1.389438015098E-07 2.021194138016E-05 7.670827137670E-01 3.129066561137E-07 2.328966224412E-01 9.663177744100E+03 1.973754146550E+03 6.939810430320E-03 1.932671044290E+04 1.448620708610E+23 6.906618899140E+06
1.578773277890E-07 1.656099114495E-07 2.320726929843E-05 7.670826587161E-01 3.737131938854E-07 2.328935946915E-01 9.651285011160E+03 2.007730280790E+03 6.939810430320E-03 1.930297719910E+04 1.448624660480E+23 6.906618898690E+06
1.642555720340E-07 1.972985996841E-07 2.663368617281E-05 7.670825932096E-01 4.461597876758E-07 2.328901296458E-01 9.639027005570E+03 2.042431784020E+03 6.939810430320E-03 1.927852085540E+04 1.448629182880E+23 6.906618898360E+06
1.675406835740E-07 2.153080135676E-07 2.852679619195E-05 7.670825559427E-01 4.874145775982E-07 2.328882145385E-01 9.632758532670E+03 2.060057295780E+03 6.939810430320E-03 1.926601684650E+04 1.448631682270E+23 6.906618898190E+06
1.743093273930E-07 2.563061510726E-07 3.271338205990E-05 7.670824710122E-01 5.815295323549E-07 2.328839777700E-01 9.619937644750E+03 2.095863089350E+03 6.939810430320E-03 1.924044784190E+04 1.448637211390E+23 6.906618897720E+06
1.813514244210E-07 3.049406993071E-07 3.749387419908E-05 7.670823701120E-01 6.934976674475E-07 2.328791375755E-01 9.606731476840E+03 2.132415226670E+03 6.939810430320E-03 1.921411849500E+04 1.448643527580E+23 6.906618897150E+06
1.849784530100E-07 3.325435070675E-07 4.013147126597E-05 7.670823127789E-01 7.571868376755E-07 2.328764660195E-01 9.599981396940E+03 2.150973548400E+03 6.939810430320E-03 1.920066407950E+04 1.448647013630E+23 6.906618896920E+06
1.924515827130E-07 3.952901935209E-07 4.595599090598E-05 7.670821822905E-01 9.023082639160E-07 2.328705641201E-01 9.586182196130E+03 2.188659147870E+03 6.939810430320E-03 1.917316659120E+04 1.448654714450E+23 6.906618896590E+06
2.002266268570E-07 4.695778209094E-07 5.259362474892E-05 7.670820275414E-01 1.074678125074E-06 2.328638345779E-01 9.571977516440E+03 2.227108864720E+03 6.939810430320E-03 1.914487207580E+04 1.448663494450E+23 6.906618896130E+06
2.042311594940E-07 5.116766548634E-07 5.625035688686E-05 7.670819397310E-01 1.172602900015E-06 2.328601256325E-01 9.564720578850E+03 2.246622189930E+03 6.939810430320E-03 1.913042140340E+04 1.448668333190E+23 6.906618895810E+06
2.124820985400E-07 6.072222649253E-07 6.431259551458E-05 7.670817401669E-01 1.395438429478E-06 2.328519445769E-01 9.549892397600E+03 2.286229268530E+03 6.939810430320E-03 1.910090423670E+04 1.448679005540E+23 6.906618895260E+06
2.167317406110E-07 6.613149530270E-07 6.874986321343E-05 7.670816270277E-01 1.521931265530E-06 2.328474398629E-01 9.542319100100E+03 2.306324292510E+03 6.939810430320E-03 1.908583416860E+04 1.448684881600E+23 6.906618895020E+06
2.254877031330E-07 7.839535967879E-07 7.852309561554E-05 7.670813701398E-01 1.809530050572E-06 2.328375132810E-01 9.526848928700E+03 2.347100154730E+03 6.939810430320E-03 1.905506218760E+04 1.448697829040E+23 6.906618894640E+06
2.345974065420E-07 9.286283301010E-07 8.962157078285E-05 7.670810664767E-01 2.150123442141E-06 2.328262332007E-01 9.510940387430E+03 2.388660355810E+03 6.939810430320E-03 1.902343600310E+04 1.448712540210E+23 6.906618894150E+06
2.392893547730E-07 1.010391134840E-06 9.571948331256E-05 7.670808945946E-01 2.343183603655E-06 2.328200323473E-01 9.502819108290E+03 2.409735622890E+03 6.939810430320E-03 1.900729820890E+04 1.448720626460E+23 6.906618893760E+06
2.489566449070E-07 1.195418025390E-06 1.091263804476E-04 7.670805049801E-01 2.781465126595E-06 2.328063917563E-01 9.486237240550E+03 2.452478134060E+03 6.939810430320E-03 1.897436452710E+04 1.448738412770E+23 6.906618893170E+06
2.590144935640E-07 1.413140830182E-06 1.243146187537E-04 7.670800454673E-01 3.299442223868E-06 2.327909273309E-01 9.469195819640E+03 2.496011529990E+03 6.939810430320E-03 1.894054187590E+04 1.448758574420E+23 6.906618892770E+06
2.641947835350E-07 1.535950640371E-06 1.326443792190E-04 7.670797858165E-01 3.592592804988E-06 2.327824412608E-01 9.460500067610E+03 2.518075200960E+03 6.939810430320E-03 1.892329289060E+04 1.448769636840E+23 6.906618892550E+06
2.748682529920E-07 1.813302822157E-06 1.509234317080E-04 7.670791983185E-01 4.257006919889E-06 2.327638079400E-01 9.442752977110E+03 2.562796785660E+03 6.939810430320E-03 1.888811104660E+04 1.448793924250E+23 6.906618891910E+06
2.803656181520E-07 1.969555351005E-06 1.609367971459E-04 7.670788667112E-01 4.632662216568E-06 2.327535942741E-01 9.433699403680E+03 2.585454647250E+03 6.939810430320E-03 1.887017477560E+04 1.448807235460E+23 6.906618891570E+06
2.916923893270E-07 2.321977520650E-06 1.828841850872E-04 7.670781172687E-01 5.483185432351E-06 2.327311933832E-01 9.415226516420E+03 2.631363938290E+03 6.939810430320E-03 1.883360301600E+04 1.448836425950E+23 6.906618890920E+06
3.034767620580E-07 2.734819431760E-06 2.076443989557E-04 7.670772369016E-01 6.484747303468E-06 2.327058991327E-01 9.396258224720E+03 2.678063191590E+03 6.939810430320E-03 1.879608760120E+04 1.448869380310E+23 6.906618890500E+06
3.095462973990E-07 2.966897558580E-06 2.211811200655E-04 7.670767409474E-01 7.050041270593E-06 2.326920609937E-01 9.386585332890E+03 2.701708275210E+03 6.939810430320E-03 1.877697175150E+04 1.448887406380E+23 6.906618890280E+06
3.220519680160E-07 3.489145084514E-06 2.507896435848E-04 7.670756223412E-01 8.327597969137E-06 2.326617712722E-01 9.366855952460E+03 2.749587250440E+03 6.939810430320E-03 1.873801517930E+04 1.448926856160E+23 6.906618889500E+06
3.350628677260E-07 4.099043412544E-06 2.841002175145E-04 7.670743118953E-01 9.828356406198E-06 2.326276604874E-01 9.346606716440E+03 2.798247754280E+03 6.939810430320E-03 1.869808056130E+04 1.448971271830E+23 6.906618888820E+06
3.417641251800E-07 4.441096287060E-06 3.022734436779E-04 7.670735751726E-01 1.067384424075E-05 2.326090364432E-01 9.336283913720E+03 2.822869505340E+03 6.939810430320E-03 1.867774211080E+04 1.448995517540E+23 6.906618888560E+06
3.555713960390E-07 5.208935833093E-06 3.419372911319E-04 7.670719171004E-01 1.258095656511E-05 2.325683557161E-01 9.315235222790E+03 2.872692283560E+03 6.939810430320E-03 1.863631404540E+04 1.449048466630E+23 6.906618888070E+06
3.626828240600E-07 5.638931431059E-06 3.635485871520E-04 7.670709861501E-01 1.365413437082E-05 2.325461721970E-01 9.304506557250E+03 2.897891623350E+03 6.939810430320E-03 1.861522082030E+04 1.449077333880E+23 6.906618887760E+06
3.773352103540E-07 6.602689757969E-06 4.106529832188E-04 7.670688937810E-01 1.607191673794E-05 2.324977786293E-01 9.282633390750E+03 2.948861486720E+03 6.939810430320E-03 1.857226678310E+04 1.449140293090E+23 6.906618886970E+06
3.925795530550E-07 7.722155161472E-06 4.633990416760E-04 7.670664540736E-01 1.890022490367E-05 2.324435245047E-01 9.260195750460E+03 3.000585858630E+03 6.939810430320E-03 1.852827669610E+04 1.449210852980E+23 6.906618886180E+06
4.004311442160E-07 8.347439584300E-06 4.920743598417E-04 7.670650873425E-01 2.048859932911E-05 2.324140022587E-01 9.248761339610E+03 3.026728082740E+03 6.939810430320E-03 1.850588828300E+04 1.449249237650E+23 6.906618885910E+06
4.166085626440E-07 9.745103306782E-06 5.544323003452E-04 7.670620227426E-01 2.405961682543E-05 2.323497402369E-01 9.225453118900E+03 3.079566213810E+03 6.939810430320E-03 1.846031467300E+04 1.449332766320E+23 6.906618885440E+06
4.334395487770E-07 1.136266409026E-05 6.240451491963E-04 7.670584606417E-01 2.822533566700E-05 2.322779062093E-01 9.201547499540E+03 3.133133283930E+03 6.939810430320E-03 1.841366475560E+04 1.449426098420E+23 6.906618884540E+06
4.421083398520E-07 1.226367503616E-05 6.618031353433E-04 7.670564698664E-01 3.055989898350E-05 2.322389034242E-01 9.189366138680E+03 3.160186434110E+03 6.939810430320E-03 1.838993076130E+04 1.449476757000E+23 6.906618884120E+06
4.599695169840E-07 1.427186046193E-05 7.437185324135E-04 7.670520169915E-01 3.579707097221E-05 2.321541955446E-01 9.164536750800E+03 3.214823913420E+03 6.939810430320E-03 1.834163334080E+04 1.449586739800E+23 6.906618883360E+06
4.785522856720E-07 1.658701934569E-05 8.348764984267E-04 7.670468583166E-01 4.188863411553E-05 2.320597895315E-01 9.139071647040E+03 3.270158137770E+03 6.939810430320E-03 1.829221407380E+04 1.449709251950E+23 6.906618882810E+06
4.881233314860E-07 1.787284035937E-05 8.842039172308E-04 7.670439824101E-01 4.529501804226E-05 2.320086458143E-01 9.126095384220E+03 3.298081978410E+03 6.939810430320E-03 1.826707748820E+04 1.449775595050E+23 6.906618882520E+06
5.078435142800E-07 2.072996450911E-05 9.909600768023E-04 7.670375663274E-01 5.291924765806E-05 2.318978243836E-01 9.099644157790E+03 3.354433463120E+03 6.939810430320E-03 1.821593716160E+04 1.449919288000E+23 6.906618881710E+06
5.180003846660E-07 2.231387787276E-05 1.048644709610E-03 7.670339949564E-01 5.717690668643E-05 2.318378695494E-01 9.086164446330E+03 3.382857060950E+03 6.939810430320E-03 1.818992784340E+04 1.449996990880E+23 6.906618881310E+06
5.389276004080E-07 2.582663806206E-05 1.173303499384E-03 7.670260401091E-01 6.669303211297E-05 2.317081367213E-01 9.058684327450E+03 3.440189397720E+03 6.939810430320E-03 1.813701619640E+04 1.450165043960E+23 6.906618880750E+06
5.607002756670E-07 2.984944399004E-05 1.311309445401E-03 7.670168759190E-01 7.770723607561E-05 2.315642579556E-01 9.030492240270E+03 3.498153804290E+03 6.939810430320E-03 1.808289298290E+04 1.450351290220E+23 6.906618880290E+06
5.719142812800E-07 3.207245176387E-05 1.385697746655E-03 7.670117884795E-01 8.384360689423E-05 2.314865977152E-01 9.016122213970E+03 3.527367273320E+03 6.939810430320E-03 1.805536875830E+04 1.450451762630E+23 6.906618880050E+06
5.950196184460E-07 3.698615793419E-05 1.546052868446E-03 7.670004881423E-01 9.752545893609E-05 2.313189473724E-01 8.986819333930E+03 3.586244731370E+03 6.939810430320E-03 1.799937738380E+04 1.450668527470E+23 6.906618879650E+06
6.190584112330E-07 4.258816126759E-05 1.722988841965E-03 7.669875180636E-01 1.133098235356E-04 2.311335951097E-01 8.956744970670E+03 3.645706231060E+03 6.939810430320E-03 1.794210355780E+04 1.450907974830E+23 6.906618879170E+06
6.314395795570E-07 4.567336882636E-05 1.818124931036E-03 7.669803378711E-01 1.220823630596E-04 2.310337814660E-01 8.941410176220E+03 3.675649553730E+03 6.939810430320E-03 1.791297570860E+04 1.451036831490E+23 6.906618878900E+06
6.569497387740E-07 5.246885909643E-05 2.022685908005E-03 7.669644351991E-01 1.415923537510E-04 2.308188176801E-01 8.910127741380E+03 3.735948007660E+03 6.939810430320E-03 1.785371671280E+04 1.451314139440E+23 6.906618878460E+06
6.700887336490E-07 5.620340957364E-05 2.132510100288E-03 7.669556467878E-01 1.524190598499E-04 2.307032206425E-01 8.894172694620E+03 3.766297652470E+03 6.939810430320E-03 1.782357649200E+04 1.451463148450E+23 6.906618878290E+06
6.971603186900E-07 6.441095523073E-05 2.368290789129E-03 7.669362172465E-01 1.764595429467E-04 2.304546214662E-01 8.861615501620E+03 3.827383689550E+03 6.939810430320E-03 1.776225059090E+04 1.451783337980E+23 6.906618877880E+06
7.253255957680E-07 7.369623831950E-05 2.627048276851E-03 7.669140565223E-01 2.040421417769E-04 2.301811568207E-01 8.828168110750E+03 3.888966035320E+03 6.939810430320E-03 1.769949656320E+04 1.452135144550E+23 6.906618877370E+06
7.398321077830E-07 7.878017548211E-05 2.765617570356E-03 7.669018463377E-01 2.193084456617E-04 2.300344474708E-01 8.811099831690E+03 3.919935883570E+03 6.939810430320E-03 1.766757046060E+04 1.452323709650E+23 6.906618877180E+06
7.697213251390E-07 8.991021110322E-05 3.062342645033E-03 7.668749357826E-01 2.531144915772E-04 2.297196968697E-01 8.776251440120E+03 3.982217619390E+03 6.939810430320E-03 1.760259124950E+04 1.452727856490E+23 6.906618876860E+06
8.008180668770E-07 1.024363791845E-04 3.386866723252E-03 7.668443702086E-01 2.917596675069E-04 2.293745670215E-01 8.740422175510E+03 4.044934405240E+03 6.939810430320E-03 1.753606852870E+04 1.453170393490E+23 6.906618876460E+06
8.168344283140E-07 1.092677963926E-04 3.560209441500E-03 7.668275819866E-01 3.130897761930E-04 2.291898509993E-01 8.722127311560E+03 4.076447870770E+03 6.939810430320E-03 1.750221225400E+04 1.453406981960E+23 6.906618876240E+06
8.498345394200E-07 1.241622448565E-04 3.930425806880E-03 7.667907023785E-01 3.601877999824E-04 2.287945217698E-01 8.684751176300E+03 4.139768323730E+03 6.939810430320E-03 1.743327583270E+04 1.453912729230E+23 6.906618875890E+06
8.841678550150E-07 1.408324953370E-04 4.333918816201E-03 7.667489970542E-01 4.138195456684E-04 2.283624320886E-01 8.646290438340E+03 4.203457278810E+03 6.939810430320E-03 1.736265973420E+04 1.454464587230E+23 6.906618875590E+06
9.018512122150E-07 1.498858674385E-04 4.548881421695E-03 7.667261660659E-01 4.433348419234E-04 2.281317318030E-01 8.626639369730E+03 4.235431127990E+03 6.939810430320E-03 1.732670308570E+04 1.454758848850E+23 6.906618875390E+06
9.382860013910E-07 1.695386555673E-04 5.006768541482E-03 7.666761844289E-01 5.083072559333E-04 2.276392011181E-01 8.586466899800E+03 4.299619307030E+03 6.939810430320E-03 1.725345339130E+04 1.455386198670E+23 6.906618874960E+06
9.570517215190E-07 1.801834677125E-04 5.250323233240E-03 7.666488795247E-01 5.439975761171E-04 2.273766161982E-01 8.565933616730E+03 4.331826089880E+03 6.939810430320E-03 1.721614409250E+04 1.455720177640E+23 6.906618874790E+06
9.957166112700E-07 2.032270067450E-04 5.768274214219E-03 7.665892327652E-01 6.224113517523E-04 2.268168546621E-01 8.523942574970E+03 4.396445488110E+03 6.939810430320E-03 1.714011463250E+04 1.456431033330E+23 6.906618874500E+06
1.035943562570E-06 2.287700911370E-04 6.329571059220E-03 7.665222884461E-01 7.111037407405E-04 2.262082666628E-01 8.480677528910E+03 4.461312037220E+03 6.939810430320E-03 1.706214623440E+04 1.457202230540E+23 6.906618874060E+06
1.056662433920E-06 2.425406366734E-04 6.627327429459E-03 7.664858497387E-01 7.596649372854E-04 2.258846172579E-01 8.458551534120E+03 4.493827309690E+03 6.939810430320E-03 1.702241276030E+04 1.457611663620E+23 6.906618873840E+06
1.099351596450E-06 2.722053619133E-04 7.258803648712E-03 7.664065516586E-01 8.659927045928E-04 2.251964466262E-01 8.413280881150E+03 4.558999273600E+03 6.939810430320E-03 1.694140200850E+04 1.458480668620E+23 6.906618873520E+06
1.143765401150E-06 3.048707980673E-04 7.940608766276E-03 7.663180062413E-01 9.857023976080E-04 2.244508117968E-01 8.366609703710E+03 4.624327798330E+03 6.939810430320E-03 1.685827179440E+04 1.459419883110E+23 6.906618873170E+06
1.166640709270E-06 3.223923303136E-04 8.301289055568E-03 7.662699969610E-01 1.051015212864E-03 2.240553064403E-01 8.342733169050E+03 4.657038069960E+03 6.939810430320E-03 1.681588892960E+04 1.459917094920E+23 6.906618872940E+06
1.213772994130E-06 3.599391514333E-04 9.064037006149E-03 7.661659420887E-01 1.193493041148E-03 2.232165887126E-01 8.293867303690E+03 4.722523344340E+03 6.939810430320E-03 1.672944208730E+04 1.460969308420E+23 6.906618872530E+06
1.238048454110E-06 3.800141014161E-04 9.466842714159E-03 7.661096629768E-01 1.271051927346E-03 2.227724282803E-01 8.268865941450E+03 4.755286689010E+03 6.939810430320E-03 1.668536016680E+04 1.461525348130E+23 6.906618872370E+06
1.288065611860E-06 4.228879738406E-04 1.031716831405E-02 7.659879986521E-01 1.439841905857E-03 2.218321031541E-01 8.217697462560E+03 4.820823520700E+03 6.939810430320E-03 1.659543574880E+04 1.462699891020E+23 6.906618872030E+06
1.340103462780E-06 4.695477232742E-04 1.122957566128E-02 7.658533630464E-01 1.628309448571E-03 2.208192041205E-01 8.164938585390E+03 4.886328404660E+03 6.939810430320E-03 1.650310873840E+04 1.463961164750E+23 6.906618871580E+06
1.366905532140E-06 4.943519112761E-04 1.170997715500E-02 7.657808627237E-01 1.730487177794E-03 2.202843210323E-01 8.137950240850E+03 4.919050438650E+03 6.939810430320E-03 1.645602487100E+04 1.464625605030E+23 6.906618871390E+06
1.422128515840E-06 5.470089394869E-04 1.272098241435E-02 7.656248475205E-01 1.951907712784E-03 2.191552534129E-01 8.082733670690E+03 4.984393206780E+03 6.939810430320E-03 1.635998155740E+04 1.466024601220E+23 6.906618871090E+06
1.479582508080E-06 6.038488409846E-04 1.380127456985E-02 7.654532694146E-01 2.197707280671E-03 2.179438998939E-01 8.025839366320E+03 5.049541422230E+03 6.939810430320E-03 1.626139774640E+04 1.467520330910E+23 6.906618870710E+06
1.509174158340E-06 6.338757473570E-04 1.436825917688E-02 7.653613141264E-01 2.330374245441E-03 2.173061767039E-01 7.996755708730E+03 5.082018293240E+03 6.939810430320E-03 1.621114089970E+04 1.468305646000E+23 6.906618870510E+06
1.570144794540E-06 6.972042569224E-04 1.555754046872E-02 7.651644133432E-01 2.616521368100E-03 2.159643205630E-01 7.937305726010E+03 5.146723907640E+03 6.939810430320E-03 1.610868018160E+04 1.469953402760E+23 6.906618870190E+06
1.601547690530E-06 7.305239048548E-04 1.618045838018E-02 7.650592077820E-01 2.770519998007E-03 2.152592899349E-01 7.906937532400E+03 5.178929269050E+03 6.939810430320E-03 1.605647241860E+04 1.470816682730E+23 6.906618870060E+06
1.666250217430E-06 8.005014289813E-04 1.748430250003E-02 7.648346496842E-01 3.101672453058E-03 2.137788739337E-01 7.844915735630E+03 5.242981413140E+03 6.939810430320E-03 1.595010093000E+04 1.472623985490E+23 6.906618869820E+06
1.733566726420E-06 8.749359658081E-04 1.886724605536E-02 7.645904112037E-01 3.465437390126E-03 2.122019693850E-01 7.781191285970E+03 5.306461741110E+03 6.939810430320E-03 1.584113517100E+04 1.474541246540E+23 6.906618869600E+06
1.768238061040E-06 9.138161091991E-04 1.958896958917E-02 7.644606186032E-01 3.660195908926E-03 2.113763997895E-01 7.748698309670E+03 5.337949305290E+03 6.939810430320E-03 1.578569008110E+04 1.475541868630E+23 6.906618869460E+06
1.839674878910E-06 9.948579296805E-04 2.109391510513E-02 7.641851400551E-01 4.076730780647E-03 2.096493561294E-01 7.682475392340E+03 5.400335416440E+03 6.939810430320E-03 1.567291107220E+04 1.477628329400E+23 6.906618869210E+06
1.913997744220E-06 1.080177091416E-03 2.268190308984E-02 7.638878077686E-01 4.530918943099E-03 2.078191931071E-01 7.614649137320E+03 5.461813912100E+03 6.939810430320E-03 1.555768229720E+04 1.479829630290E+23 6.906618869020E+06
1.952277699210E-06 1.124390666337E-03 2.350732842142E-02 7.637307230888E-01 4.772718689546E-03 2.068648391339E-01 7.580156548930E+03 5.492163470510E+03 6.939810430320E-03 1.549918240110E+04 1.480973650470E+23 6.906618868930E+06
2.031149718460E-06 1.215793635659E-03 2.522136158934E-02 7.633993372679E-01 5.286825400895E-03 2.048766821063E-01 7.510067303950E+03 5.551976265660E+03 6.939810430320E-03 1.538049641140E+04 1.483348650830E+23 6.906618868800E+06
2.113208167280E-06 1.310944032126E-03 2.701968061938E-02 7.630445929579E-01 5.842944192468E-03 2.027818381981E-01 7.438594911890E+03 5.610453676720E+03 6.939810430320E-03 1.525970154930E+04 1.485839324690E+23 6.906618868690E+06
2.155472330730E-06 1.359827566860E-03 2.795033018129E-02 7.628583465885E-01 6.137211698696E-03 2.016942839647E-01 7.402378630240E+03 5.639130532250E+03 6.939810430320E-03 1.519857438330E+04 1.487127741540E+23 6.906618868640E+06
2.242553413090E-06 1.459984192822E-03 2.987404393931E-02 7.624679680522E-01 6.758943755294E-03 1.994390600604E-01 7.329075511710E+03 5.695230640490E+03 6.939810430320E-03 1.507500392810E+04 1.489789657730E+23 6.906618868570E+06
2.287404481460E-06 1.511155299722E-03 3.086676218789E-02 7.622638146984E-01 7.086672172508E-03 1.982715956415E-01 7.292028788200E+03 5.722599466540E+03 6.939810430320E-03 1.501262533230E+04 1.491162553090E+23 6.906618868540E+06
2.379815622710E-06 1.615401464938E-03 3.291274452759E-02 7.618376155152E-01 7.776380650344E-03 1.958578578419E-01 7.217255784810E+03 5.775833097260E+03 6.939810430320E-03 1.488686144760E+04 1.493990261070E+23 6.906618868450E+06
2.475960174070E-06 1.721771901443E-03 3.503738603786E-02 7.613877498138E-01 8.512238316091E-03 1.933408539308E-01 7.141740110510E+03 5.826865404480E+03 6.939810430320E-03 1.476002316550E+04 1.496923872180E+23 6.906618868370E+06
2.525479377650E-06 1.775586981228E-03 3.612826506835E-02 7.611540599318E-01 8.897577696067E-03 1.920445103226E-01 7.103769801640E+03 5.851480781620E+03 6.939810430320E-03 1.469631011550E+04 1.498428916380E+23 6.906618868330E+06
2.627508744710E-06 1.884120078771E-03 3.836488029136E-02 7.606695107222E-01 9.703103613332E-03 1.893783852943E-01 7.027546434480E+03 5.898756680040E+03 6.939810430320E-03 1.456853271820E+04 1.501511998870E+23 6.906618868270E+06
2.733660098200E-06 1.993356007685E-03 4.067112475720E-02 7.601626704999E-01 1.055487712409E-02 1.866179716111E-01 6.951147338850E+03 5.943220526630E+03 6.939810430320E-03 1.444062418960E+04 1.504687070210E+23 6.906618868190E+06
2.788333300260E-06 2.048043321746E-03 4.184888408664E-02 7.599011608071E-01 1.099794533599E-02 1.852039664485E-01 6.912960491270E+03 5.964321250110E+03 6.939810430320E-03 1.437675325950E+04 1.506306886990E+23 6.906618868140E+06
2.900981965790E-06 2.157158259148E-03 4.425038211483E-02 7.593625979406E-01 1.191793633181E-02 1.823119253536E-01 6.836774973820E+03 6.004109777220E+03 6.939810430320E-03 1.424945437000E+04 1.509606185180E+23 6.906618624340E+06
2.959001605210E-06 2.211424831871E-03 4.547269116123E-02 7.590858295173E-01 1.239459411713E-02 1.808354603724E-01 6.798842684790E+03 6.022737294520E+03 6.939810430320E-03 1.418613971670E+04 1.511283559100E+23 6.906618622800E+06
3.078545270260E-06 2.318973688896E-03 4.795659560681E-02 7.585180989273E-01 1.338042504718E-02 1.778259067298E-01 6.723466451360E+03 6.057316356200E+03 6.939810430320E-03 1.406046722380E+04 1.514688149040E+23 6.906618622910E+06
3.202918499380E-06 2.424681017745E-03 5.048742429560E-02 7.579325753415E-01 1.440831831777E-02 1.747470010274E-01 6.648963866590E+03 6.088156502380E+03 6.939810430320E-03 1.393645461840E+04 1.518151277780E+23 6.906618623070E+06
3.266976869470E-06 2.476650374998E-03 5.176829478083E-02 7.576335901023E-01 1.493749163907E-02 1.731839731028E-01 6.612122475100E+03 6.102115131640E+03 6.939810430320E-03 1.387521353520E+04 1.519901709600E+23 6.906618622930E+06
3.398962735200E-06 2.578449029399E-03 5.435648967021E-02 7.570241150262E-01 1.602506874713E-02 1.700158775271E-01 6.539419160440E+03 6.127003922730E+03 6.939810430320E-03 1.375454037330E+04 1.523433931080E+23 6.906618622900E+06
3.536280829900E-06 2.676927658430E-03 5.697384272447E-02 7.564005964232E-01 1.714984317485E-02 1.667987900191E-01 6.468224930610E+03 6.147734349130E+03 6.939810430320E-03 1.363663541470E+04 1.526999281980E+23 6.906618622720E+06
3.607006446600E-06 2.724758035623E-03 5.829112613668E-02 7.560840639263E-01 1.772547415009E-02 1.651745777513E-01 6.433265893380E+03 6.156502315110E+03 6.939810430320E-03 1.357884806820E+04 1.528791096620E+23 6.906618622670E+06
3.752729507240E-06 2.817302685710E-03 6.093821749335E-02 7.554424427565E-01 1.890174121372E-02 1.619002958507E-01 6.364757105510E+03 6.170786582020E+03 6.939810430320E-03 1.346583895180E+04 1.532386434940E+23 6.906618622360E+06
3.904339779540E-06 2.905339121682E-03 6.359577886057E-02 7.547907210018E-01 2.010930418584E-02 1.585988568301E-01 6.298287444870E+03 6.180685737090E+03 6.939810430320E-03 1.335653439760E+04 1.535988722090E+23 6.906618621970E+06
3.982426575230E-06 2.947549517182E-03 6.492617620805E-02 7.544615540265E-01 2.072404104069E-02 1.569406792076E-01 6.265871105110E+03 6.183981325670E+03 6.939810430320E-03 1.330336689150E+04 1.537789280100E+23 6.906618621820E+06
4.143316609070E-06 3.028157598838E-03 6.758568861560E-02 7.537975410841E-01 2.197384848748E-02 1.536147642140E-01 6.202767396420E+03 6.187267156930E+03 6.939810430320E-03 1.320016477100E+04 1.541383033290E+23 6.906618621540E+06
4.226182941350E-06 3.066489655087E-03 6.891304631881E-02 7.534630552617E-01 2.260828814793E-02 1.519491206165E-01 6.172111152400E+03 6.187266085430E+03 6.939810430320E-03 1.315018529780E+04 1.543173835340E+23 6.906618621430E+06
4.396920732380E-06 3.139078992769E-03 7.155872382858E-02 7.527899867740E-01 2.389467323326E-02 1.486175371714E-01 6.112653003320E+03 6.184016933460E+03 6.939810430320E-03 1.305358063800E+04 1.546737556320E+23 6.906618621250E+06
4.574556330170E-06 3.206112111092E-03 7.418697513061E-02 7.521125385809E-01 2.520234369748E-02 1.452920304799E-01 6.055728192970E+03 6.176522879900E+03 6.939810430320E-03 1.296155369940E+04 1.550270228370E+23 6.906618621120E+06
4.666047456880E-06 3.237514920800E-03 7.549265140237E-02 7.517725553902E-01 2.586340445245E-02 1.436338738342E-01 6.028231120570E+03 6.171225118420E+03 6.939810430320E-03 1.291728243710E+04 1.552022375520E+23 6.906618621080E+06
4.854555774340E-06 3.296068374670E-03 7.808353553225E-02 7.510907828646E-01 2.719850446177E-02 1.403311087667E-01 5.975181022800E+03 6.157631728290E+03 6.939810430320E-03 1.283224303840E+04 1.555493593040E+23 6.906618621000E+06
5.050679827820E-06 3.348963849291E-03 8.064274230600E-02 7.504074792016E-01 2.854900546148E-02 1.370518091816E-01 5.924718510990E+03 6.140206503870E+03 6.939810430320E-03 1.275185715400E+04 1.558914996890E+23 6.906618620990E+06
5.151693424480E-06 3.373307273884E-03 8.190894813120E-02 7.500655596212E-01 2.922933754340E-02 1.354228474303E-01 5.900449055300E+03 6.130127193280E+03 6.939810430320E-03 1.271338967850E+04 1.560605061370E+23 6.906618620990E+06
5.359821839030E-06 3.417847697585E-03 8.441183246241E-02 7.493817487400E-01 3.059882386417E-02 1.321897472358E-01 5.853801573980E+03 6.107393483240E+03 6.939810430320E-03 1.263983746410E+04 1.563940439780E+23 6.906618621010E+06
5.467018275910E-06 3.438077792461E-03 8.564752495807E-02 7.490400676828E-01 3.128745680728E-02 1.305868727594E-01 5.831405890100E+03 6.094807963140E+03 6.939810430320E-03 1.260471617800E+04 1.565584515300E+23 6.906618621030E+06
5.687885814460E-06 3.474557950543E-03 8.808521581622E-02 7.483576465536E-01 3.267123313303E-02 1.274113465466E-01 5.788415603820E+03 6.067384093870E+03 6.939810430320E-03 1.253767070170E+04 1.568822721920E+23 6.906618621140E+06
5.917676401570E-06 3.505887202962E-03 9.047547511810E-02 7.476770931882E-01 3.406204281715E-02 1.242795016735E-01 5.747738339850E+03 6.037218835410E+03 6.939810430320E-03 1.247470857180E+04 1.571991295350E+23 6.906618621320E+06
6.036029929700E-06 3.519684183689E-03 9.165201220678E-02 7.473377360027E-01 3.475947884309E-02 1.227310887638E-01 5.728229748680E+03 6.021210883000E+03 6.939810430320E-03 1.244468327100E+04 1.573548512680E+23 6.906618621420E+06
6.279885539060E-06 3.543679961544E-03 9.396659742329E-02 7.466612810297E-01 3.615721892676E-02 1.196712226587E-01 5.690789803230E+03 5.987558151870E+03 6.939810430320E-03 1.238737722990E+04 1.576607310220E+23 6.906618850020E+06
6.533592915040E-06 3.563068377728E-03 9.622853102843E-02 7.459883868160E-01 3.755720111123E-02 1.166628126666E-01 5.655334091860E+03 5.952022205490E+03 6.939810430320E-03 1.233349190590E+04 1.579590467740E+23 6.906618849730E+06
6.664264773440E-06 3.571107241423E-03 9.733938035713E-02 7.456534797504E-01 3.825743921283E-02 1.151785934382E-01 5.638303871360E+03 5.933659196630E+03 6.939810430320E-03 1.230773884130E+04 1.581053302210E+23 6.906618849580E+06
6.933501070490E-06 3.584018557585E-03 9.952037476381E-02 7.449871602275E-01 3.965721233069E-02 1.122512341204E-01 5.605542936770E+03 5.895962825340E+03 6.939810430320E-03 1.225842025730E+04 1.583921084870E+23 6.906618849400E+06
7.072171092000E-06 3.588947679389E-03 1.005904217088E-01 7.446559174638E-01 4.035626241862E-02 1.108084507293E-01 5.589773499250E+03 5.876716087820E+03 6.939810430320E-03 1.223477740770E+04 1.585325989430E+23 6.906618849820E+06
7.357886804320E-06 3.595890301777E-03 1.026895793817E-01 7.439977044508E-01 4.175145576916E-02 1.079653700966E-01 5.559360145350E+03 5.837636642760E+03 6.939810430320E-03 1.218933230430E+04 1.588077983470E+23 6.906618849900E+06
7.655145431410E-06 3.599120115211E-03 1.047344087447E-01 7.433458007068E-01 4.314108681728E-02 1.051795836160E-01 5.530321208940E+03 5.798045443790E+03 6.939810430320E-03 1.214609075250E+04 1.590753482160E+23 6.906618850530E+06
7.808248340140E-06 3.599405123376E-03 1.057366334878E-01 7.430224547664E-01 4.383316873997E-02 1.038083378825E-01 5.516271135770E+03 5.778154171460E+03 6.939810430320E-03 1.212520537160E+04 1.592062878090E+23 6.906618850710E+06
8.123701573290E-06 3.597432540744E-03 1.077012539742E-01 7.423814801529E-01 4.521053160821E-02 1.011093017240E-01 5.489022094700E+03 5.738359294410E+03 6.939810430320E-03 1.208473311470E+04 1.594625857460E+23 6.906618851340E+06
8.451899117050E-06 3.592216342669E-03 1.096137165362E-01 7.417488365324E-01 4.657699596856E-02 9.846823462012E-02 5.462798209940E+03 5.698766059310E+03 6.939810430320E-03 1.204577835830E+04 1.597115876130E+23 6.906618851970E+06
8.620937099490E-06 3.588444005784E-03 1.105508026552E-01 7.414359147087E-01 4.725543858487E-02 9.716940004540E-02 5.450032260980E+03 5.679119604940E+03 6.939810430320E-03 1.202679567450E+04 1.598334143750E+23 6.906618852180E+06
8.969222958510E-06 3.578669651335E-03 1.123876272340E-01 7.408174442180E-01 4.860130512939E-02 9.461495376725E-02 5.425122310770E+03 5.640258219670E+03 6.939810430320E-03 1.198968576550E+04 1.600718574100E+23 6.906618852560E+06
9.331579566240E-06 3.566049093336E-03 1.141760312362E-01 7.402095914895E-01 4.993052294268E-02 9.211780523826E-02 5.400957917140E+03 5.602122395460E+03 6.939810430320E-03 1.195355876780E+04 1.603035517870E+23 6.906618852790E+06
9.518211157660E-06 3.558718107135E-03 1.150526208402E-01 7.399099470097E-01 5.058814554485E-02 9.089056849814E-02 5.389127098180E+03 5.583374872560E+03 6.939810430320E-03 1.193581157020E+04 1.604169464050E+23 6.906618852870E+06
9.902746888630E-06 3.542107638695E-03 1.167717138019E-01 7.393198285416E-01 5.188791932548E-02 8.847843069235E-02 5.365919207650E+03 5.546598754550E+03 6.939810430320E-03 1.190086106900E+04 1.606389930650E+23 6.906618853010E+06
1.010080182650E-05 3.532865806699E-03 1.176146825517E-01 7.390295972884E-01 5.252946984547E-02 8.729338450771E-02 5.354525007620E+03 5.528595295620E+03 6.939810430320E-03 1.188362757070E+04 1.607477115070E+23 6.906618853110E+06
1.050887422050E-05 3.512605637002E-03 1.192686384869E-01 7.384593922686E-01 5.379440238063E-02 8.496496122683E-02 5.332119169660E+03 5.493405920180E+03 6.939810430320E-03 1.184958113570E+04 1.609607063590E+23 6.906618853200E+06
1.093343273920E-05 3.490111423528E-03 1.208815137311E-01 7.379036494776E-01 5.503313891143E-02 8.269158645631E-02 5.310182737220E+03 5.459350115270E+03 6.939810430320E-03 1.181602966420E+04 1.611680025140E+23 6.906618853270E+06
1.115210139410E-05 3.478079302693E-03 1.216731248922E-01 7.376314882241E-01 5.564195625070E-02 8.157535133032E-02 5.299377808440E+03 5.442757499570E+03 6.939810430320E-03 1.179942016700E+04 1.612695970460E+23 6.906618853270E+06
1.160264629060E-05 3.452556410535E-03 1.232278256087E-01 7.370991362765E-01 5.683707164107E-02 7.938341006319E-02 5.278074300090E+03 5.410450532330E+03 6.939810430320E-03 1.176650589240E+04 1.614688433890E+23 6.906618853250E+06
1.207139320100E-05 3.425245202364E-03 1.247459583541E-01 7.365834411607E-01 5.800033473910E-02 7.724502054370E-02 5.257158328970E+03 5.379310382880E+03 6.939810430320E-03 1.173397339860E+04 1.616630469240E+23 6.906618853200E+06
1.231282106510E-05 3.410980153238E-03 1.254918417049E-01 7.363320873973E-01 5.856936045637E-02 7.619573028822E-02 5.246839479280E+03 5.364172369870E+03 6.939810430320E-03 1.171784451490E+04 1.617583359820E+23 6.906618853150E+06
1.281025903630E-05 3.381358565889E-03 1.269582565555E-01 7.358428284457E-01 5.968093974647E-02 7.413661668647E-02 5.226470904820E+03 5.334741978430E+03 6.939810430320E-03 1.168585636520E+04 1.619454401440E+23 6.906618853050E+06
1.306646421710E-05 3.366054372630E-03 1.276791772505E-01 7.356050955010E-01 6.022301219035E-02 7.312666068552E-02 5.216418422230E+03 5.320440175700E+03 6.939810430320E-03 1.166999682500E+04 1.620373138890E+23 6.906618852960E+06
1.359434937170E-05 3.334592391213E-03 1.290973765079E-01 7.351438224913E-01 6.127858080391E-02 7.114562780570E-02 5.196571944400E+03 5.292635978810E+03 6.939810430320E-03 1.163854949670E+04 1.622178462180E+23 6.906618852820E+06
1.414356108650E-05 3.302171511936E-03 1.304852304718E-01 7.347019590339E-01 6.229462323867E-02 6.921601574375E-02 5.177065397170E+03 5.265856955940E+03 6.939810430320E-03 1.160747189900E+04 1.623942721990E+23 6.906618852630E+06
1.442643230840E-05 3.285668531416E-03 1.311681996724E-01 7.344884732396E-01 6.278731999540E-02 6.827033856110E-02 5.167438317930E+03 5.252835770540E+03 6.939810430320E-03 1.159207533920E+04 1.624810103890E+23 6.906618852520E+06
1.500926017380E-05 3.252209561053E-03 1.325130219739E-01 7.340766953311E-01 6.374113509567E-02 6.641693803823E-02 5.148434769240E+03 5.227496822240E+03 6.939810430320E-03 1.156157499710E+04 1.626516612840E+23 6.906618852350E+06
1.561563428500E-05 3.218317625090E-03 1.338307011506E-01 7.336855372317E-01 6.465170464069E-02 6.461373935191E-02 5.129763592340E+03 5.203051342700E+03 6.939810430320E-03 1.153147662940E+04 1.628187025190E+23 6.906618852210E+06
1.592794697080E-05 3.201271200331E-03 1.344797254386E-01 7.334978140265E-01 6.509037532288E-02 6.373081401163E-02 5.120552068240E+03 5.191147229870E+03 6.939810430320E-03 1.151658249550E+04 1.629009262070E+23 6.906618852120E+06
1.657143602870E-05 3.167094785323E-03 1.357588362502E-01 7.331383000371E-01 6.593376424805E-02 6.200200467932E-02 5.102376031060E+03 5.167944446230E+03 6.939810430320E-03 1.148711247710E+04 1.630628877210E+23 6.906618851920E+06
1.724092204440E-05 3.132953285708E-03 1.370135802449E-01 7.328002921246E-01 6.673100667236E-02 6.032216767241E-02 5.084527700140E+03 5.145508405680E+03 6.939810430320E-03 1.145807663590E+04 1.632216719790E+23 6.906618851780E+06
1.758574048540E-05 3.115946925474E-03 1.376321344029E-01 7.326394422818E-01 6.711202167868E-02 5.950045471108E-02 5.075725722570E+03 5.134563430720E+03 6.939810430320E-03 1.144372482250E+04 1.632999220470E+23 6.906618851730E+06
1.829620440120E-05 3.082156728809E-03 1.388522222814E-01 7.323342097269E-01 6.783829803929E-02 5.789311322353E-02 5.058364481510E+03 5.113192386950E+03 6.939810430320E-03 1.141535895660E+04 1.634542324010E+23 6.906618851590E+06
1.866212848940E-05 3.065407265336E-03 1.394539947190E-01 7.321898843081E-01 6.818336302003E-02 5.710735068755E-02 5.049804453730E+03 5.102756072700E+03 6.939810430320E-03 1.140134675180E+04 1.635303289920E+23 6.906618851530E+06
1.941607848050E-05 3.032277689694E-03 1.406415768195E-01 7.319179437440E-01 6.883690390952E-02 5.557129783721E-02 5.032923413510E+03 5.082357808760E+03 6.939810430320E-03 1.137366748750E+04 1.636804924360E+23 6.906618851420E+06
2.020048805130E-05 2.999732680497E-03 1.418086255891E-01 7.316684332077E-01 6.944114145380E-02 5.408206706889E-02 5.016357765680E+03 5.062562318280E+03 6.939810430320E-03 1.134645192510E+04 1.638280613030E+23 6.906618851340E+06
2.060449781250E-05 2.983710194551E-03 1.423847245847E-01 7.315521385510E-01 6.972459975341E-02 5.335482691639E-02 5.008191853700E+03 5.052880189380E+03 6.939810430320E-03 1.133301891320E+04 1.639009132320E+23 6.906618851290E+06
2.143691952430E-05 2.952218597356E-03 1.435226065397E-01 7.313365535613E-01 7.025390312197E-02 5.193471817971E-02 4.992090858030E+03 5.033927881620E+03 6.939810430320E-03 1.130650323270E+04 1.640448298780E+23 6.906618851190E+06
2.230297107330E-05 2.921525690185E-03 1.446420957002E-01 7.311437309226E-01 7.073273251176E-02 5.055991517530E-02 4.976293301110E+03 5.015501032640E+03 6.939810430320E-03 1.128045456550E+04 1.641864634610E+23 6.906618851110E+06
2.274903049480E-05 2.906498514756E-03 1.451951983366E-01 7.310558823761E-01 7.095311950469E-02 4.988930126793E-02 4.968506587710E+03 5.006476284150E+03 6.939810430320E-03 1.126760496650E+04 1.642564604030E+23 6.906618851060E+06
2.366809132700E-05 2.877115741276E-03 1.462886186130E-01 7.308973482071E-01 7.135568727498E-02 4.858123016369E-02 4.953153628250E+03 4.988788567350E+03 6.939810430320E-03 1.124225368150E+04 1.643948846740E+23 6.906618850980E+06
2.414145315370E-05 2.862771321903E-03 1.468291319212E-01 7.308266717138E-01 7.153782454602E-02 4.794360049715E-02 4.945585850180E+03 4.980119730020E+03 6.939810430320E-03 1.122975112980E+04 1.644633392270E+23 6.906618850950E+06
2.511676786130E-05 2.834799791199E-03 1.478982446264E-01 7.307025076080E-01 7.186373929936E-02 4.670070867496E-02 4.930663714940E+03 4.963118226170E+03 6.939810430320E-03 1.120508947930E+04 1.645987993110E+23 6.906618850900E+06
2.613148528310E-05 2.807809460995E-03 1.489520975376E-01 7.306012477321E-01 7.213848514558E-02 4.550036012372E-02 4.916020613390E+03 4.946547558900E+03 6.939810430320E-03 1.118088131070E+04 1.647324127480E+23 6.906618850830E+06
2.665411498890E-05 2.794689715595E-03 1.494735316395E-01 7.305591932944E-01 7.225668283226E-02 4.491590251826E-02 4.908801562890E+03 4.938417579840E+03 6.939810430320E-03 1.116894536510E+04 1.647985581380E+23 6.906618850810E+06
2.773094123460E-05 2.769212206874E-03 1.505058649167E-01 7.304921882778E-01 7.245480485015E-02 4.377792974853E-02 4.894564049420E+03 4.922456558380E+03 6.939810430320E-03 1.114540538010E+04 1.649295866650E+23 6.906618850750E+06
2.885127126070E-05 2.744761103774E-03 1.515247377380E-01 7.304478977229E-01 7.260206765575E-02 4.268053577961E-02 4.880587931490E+03 4.906879166330E+03 6.939810430320E-03 1.112230143490E+04 1.650590102960E+23 6.906618850690E+06
2.942829668600E-05 2.732923103265E-03 1.520293419355E-01 7.304342270811E-01 7.265671391018E-02 4.214679396991E-02 4.873695574190E+03 4.899228933820E+03 6.939810430320E-03 1.111091033400E+04 1.651231488100E+23 6.906618850660E+06
3.061719987230E-05 2.710024882777E-03 1.530293066542E-01 7.304237261415E-01 7.272826374177E-02 4.110867857984E-02 4.860097508110E+03 4.884195033450E+03 6.939810430320E-03 1.108844413460E+04 1.652503345900E+23 6.906618850620E+06
3.122954386990E-05 2.698964935907E-03 1.535248320042E-01 7.304268443629E-01 7.274527701657E-02 4.060408168036E-02 4.853389861410E+03 4.876807350740E+03 6.939810430320E-03 1.107736659090E+04 1.653134034230E+23 6.906618850610E+06
3.249121744240E-05 2.677622270425E-03 1.545073719805E-01 7.304496692031E-01 7.274210180705E-02 3.962323473889E-02 4.840152411830E+03 4.862280771510E+03 6.939810430320E-03 1.105551614730E+04 1.654385454870E+23 6.906618850560E+06
3.380386262730E-05 2.657311962302E-03 1.554790884279E-01 7.304943808901E-01 7.268982760240E-02 3.867939111732E-02 4.827145391360E+03 4.848073303010E+03 6.939810430320E-03 1.103406274060E+04 1.655624279410E+23 6.906618850520E+06
3.447993987990E-05 2.647541744984E-03 1.559610798953E-01 7.305248470749E-01 7.264549136813E-02 3.822103991672E-02 4.820725744320E+03 4.841084622420E+03 6.939810430320E-03 1.102348133040E+04 1.656239215730E+23 6.906618850510E+06
3.587292945130E-05 2.628765278786E-03 1.569177029107E-01 7.306017805281E-01 7.252090372772E-02 3.733084755462E-02 4.808049001310E+03 4.827328379080E+03 6.939810430320E-03 1.100260154270E+04 1.657460615570E+23 6.906618850480E+06
3.732219580130E-05 2.610997760226E-03 1.578649964899E-01 7.306997219616E-01 7.234915000636E-02 3.647513378199E-02 4.795581996460E+03 4.813855253760E+03 6.939810430320E-03 1.098208860340E+04 1.658671335770E+23 6.906618850440E+06
3.806863971740E-05 2.602488198951E-03 1.583353214746E-01 7.307564371003E-01 7.224588091520E-02 3.605987231100E-02 4.789424494130E+03 4.807220552340E+03 6.939810430320E-03 1.097196561410E+04 1.659272915640E+23 6.906618850420E+06
3.960661276220E-05 2.586208030299E-03 1.592696700701E-01 7.308850632877E-01 7.200520604282E-02 3.525385256913E-02 4.777256129430E+03 4.794146431990E+03 6.939810430320E-03 1.095197811590E+04 1.660468947790E+23 6.906618850400E+06
4.120671991800E-05 2.570899177603E-03 1.601960577641E-01 7.310335257559E-01 7.171995579665E-02 3.447956150570E-02 4.765276075000E+03 4.781321651640E+03 6.939810430320E-03 1.093232357440E+04 1.661656031570E+23 6.906618850380E+06
4.203085431650E-05 2.563603356431E-03 1.606564265406E-01 7.311150252748E-01 7.156099185932E-02 3.410395296887E-02 4.759353944450E+03 4.774998691140E+03 6.939810430320E-03 1.092261666960E+04 1.662246418720E+23 6.906618850360E+06
4.372890083110E-05 2.549716773372E-03 1.615718223314E-01 7.312921949218E-01 7.121119636953E-02 3.337506960388E-02 4.747640009770E+03 4.762523631060E+03 6.939810430320E-03 1.090343436920E+04 1.663421268200E+23 6.906618850340E+06
4.460347884780E-05 2.543120874116E-03 1.620269683760E-01 7.313877101510E-01 7.102070765820E-02 3.302149294071E-02 4.741846013710E+03 4.756368382070E+03 6.939810430320E-03 1.089395521270E+04 1.664005878320E+23 6.906618850330E+06
4.640545939340E-05 2.530610374286E-03 1.629324432472E-01 7.315921933701E-01 7.060945134188E-02 3.233530166650E-02 4.730378481460E+03 4.744214695990E+03 6.939810430320E-03 1.087521132800E+04 1.665169823370E+23 6.906618850310E+06
4.828023995310E-05 2.518989366283E-03 1.638318593100E-01 7.318140382058E-01 7.015909632654E-02 3.167601679143E-02 4.719064265740E+03 4.732259953360E+03 6.939810430320E-03 1.085674039850E+04 1.666327182230E+23 6.906618850280E+06
4.924584475230E-05 2.513505056530E-03 1.642794259452E-01 7.319312457677E-01 6.991975558527E-02 3.135606764529E-02 4.713461925650E+03 4.726353447530E+03 6.939810430320E-03 1.084760238400E+04 1.666903551490E+23 6.906618850270E+06
5.123537688050E-05 2.503173504812E-03 1.651705234942E-01 7.321777587582E-01 6.941379250362E-02 3.073475173912E-02 4.702361369050E+03 4.714674846110E+03 6.939810430320E-03 1.082951135270E+04 1.668051969540E+23 6.906618850250E+06
5.330528610670E-05 2.493670236819E-03 1.660565498920E-01 7.324397455429E-01 6.887290606321E-02 3.013712826509E-02 4.691392504640E+03 4.703165915530E+03 6.939810430320E-03 1.081165371930E+04 1.669195000020E+23 6.906618850230E+06
5.437139182890E-05 2.489221074150E-03 1.664977710962E-01 7.325762873434E-01 6.858992871147E-02 2.984679177478E-02 4.685954811680E+03 4.697471572480E+03 6.939810430320E-03 1.080280744820E+04 1.669764626050E+23 6.906618850220E+06
5.656799605900E-05 2.480910988911E-03 1.673768332923E-01 7.328599421642E-01 6.800006749604E-02 2.928224605859E-02 4.675167705660E+03 4.686196306580E+03 6.939810430320E-03 1.078527007100E+04 1.670900340900E+23 6.906618850210E+06
5.769935598030E-05 2.477043255267E-03 1.678147503054E-01 7.330068396902E-01 6.769365986844E-02 2.900770688069E-02 4.669816250940E+03 4.680612721330E+03 6.939810430320E-03 1.077657501900E+04 1.671466518860E+23 6.906618850200E+06
6.003040996210E-05 2.469865099711E-03 1.686875321618E-01 7.333102247208E-01 6.705910643563E-02 2.847327158200E-02 4.659192543830E+03 4.669547169690E+03 6.939810430320E-03 1.075932242120E+04 1.672595719880E+23 6.906618850180E+06
6.245563852470E-05 2.463406594846E-03 1.695564567946E-01 7.336256475117E-01 6.639722325437E-02 2.795726584450E-02 4.648667976560E+03 4.658608771860E+03 6.939810430320E-03 1.074224035020E+04 1.673720956740E+23 6.906618850170E+06
6.370475129530E-05 2.460438336388E-03 1.699895449408E-01 7.337875882862E-01 6.605666209817E-02 2.770576633844E-02 4.643440517730E+03 4.653184231070E+03 6.939810430320E-03 1.073375854290E+04 1.674282169780E+23 6.906618850160E+06
6.627842324790E-05 2.455005914478E-03 1.708531000909E-01 7.341193520607E-01 6.535757406982E-02 2.721496786403E-02 4.633050728480E+03 4.642418669510E+03 6.939810430320E-03 1.071690418970E+04 1.675401924530E+23 6.906618850150E+06
6.895607154730E-05 2.450221671911E-03 1.717133064483E-01 7.344608510194E-01 6.463624213103E-02 2.673937872933E-02 4.622742021360E+03 4.631757099490E+03 6.939810430320E-03 1.070018364820E+04 1.676518272540E+23 6.906618850130E+06
7.033519297830E-05 2.448063638704E-03 1.721422009675E-01 7.346349599691E-01 6.426787780965E-02 2.650689761508E-02 4.617616010220E+03 4.626462670040E+03 6.939810430320E-03 1.069186924900E+04 1.677075217180E+23 6.906618850130E+06
7.317673477490E-05 2.444197866572E-03 1.729976490090E-01 7.349893149849E-01 6.351703719240E-02 2.605180094711E-02 4.607416784810E+03 4.615941539240E+03 6.939810430320E-03 1.067532395470E+04 1.678186720760E+23 6.906618850110E+06
7.613307486000E-05 2.440908858569E-03 1.738500535339E-01 7.353510816027E-01 6.274908338253E-02 2.560887262230E-02 4.597283112110E+03 4.605504487280E+03 6.939810430320E-03 1.065887957340E+04 1.679295109770E+23 6.906618850100E+06
7.765573635730E-05 2.439471883171E-03 1.742751359639E-01 7.355344575924E-01 6.235932191488E-02 2.539161264562E-02 4.592239157700E+03 4.600315296610E+03 6.939810430320E-03 1.065069151160E+04 1.679848151300E+23 6.906618850100E+06
8.079302810630E-05 2.436995792496E-03 1.751230863109E-01 7.359056299596E-01 6.156947701970E-02 2.496481091733E-02 4.582193894870E+03 4.589991535690E+03 6.939810430320E-03 1.063437671040E+04 1.680951935630E+23 6.906618850090E+06
8.240888866850E-05 2.435949935558E-03 1.755459582403E-01 7.360932040371E-01 6.116988425989E-02 2.475500352717E-02 4.577191440130E+03 4.584855464820E+03 6.939810430320E-03 1.062624737620E+04 1.681502673610E+23 6.906618850080E+06
8.573820777090E-05 2.434226153735E-03 1.763894908049E-01 7.364717833953E-01 6.036255998659E-02 2.434193965940E-02 4.567224277530E+03 4.574631495640E+03 6.939810430320E-03 1.061003882420E+04 1.682601810370E+23 6.906618850070E+06
8.920203136510E-05 2.432971767218E-03 1.772300459267E-01 7.368542318691E-01 5.954594147623E-02 2.393680896079E-02 4.557304382430E+03 4.564467644460E+03 6.939810430320E-03 1.059388983750E+04 1.683697758680E+23 6.906618850060E+06
9.098607199250E-05 2.432512927193E-03 1.776491889675E-01 7.370466497292E-01 5.913471450795E-02 2.373693386817E-02 4.552361147190E+03 4.559406878240E+03 6.939810430320E-03 1.058583521410E+04 1.684244502240E+23 6.906618850050E+06
9.466190930120E-05 2.431917322628E-03 1.784851540934E-01 7.374333771609E-01 5.830751805301E-02 2.334203337005E-02 4.542506392770E+03 4.549325262670E+03 6.939810430320E-03 1.056976137970E+04 1.685335438530E+23 6.906618850050E+06
9.848625043720E-05 2.431732697200E-03 1.793179349666E-01 7.378219940826E-01 5.747539338662E-02 2.295294486694E-02 4.532692073210E+03 4.539294157990E+03 6.939810430320E-03 1.055372981660E+04 1.686422829110E+23 6.906618850040E+06
1.004559754460E-04 2.431787946922E-03 1.797330914374E-01 7.380167833754E-01 5.705798486529E-02 2.276035237493E-02 4.527799517060E+03 4.534296686670E+03 6.939810430320E-03 1.054572829910E+04 1.686965132900E+23 6.906618850030E+06
1.045143968540E-04 2.432181374258E-03 1.805608428503E-01 7.384068916982E-01 5.622142688068E-02 2.237865719657E-02 4.518042805290E+03 4.524336544540E+03 6.939810430320E-03 1.052975123940E+04 1.688046817060E+23 6.906618850020E+06
1.066046847910E-04 2.432515003138E-03 1.809733958982E-01 7.386020463380E-01 5.580263932912E-02 2.218940343160E-02 4.513178431530E+03 4.519373449530E+03 6.939810430320E-03 1.052177488720E+04 1.688586135920E+23 6.906618850020E+06
1.109115140570E-04 2.433445583273E-03 1.817957415090E-01 7.389921671748E-01 5.496490381239E-02 2.181374192061E-02 4.503477357740E+03 4.509480444460E+03 6.939810430320E-03 1.050584503400E+04 1.689661561110E+23 6.906618850010E+06
1.153923392250E-04 2.434714637416E-03 1.826142379272E-01 7.393815516841E-01 5.412802060360E-02 2.144147514763E-02 4.493813176540E+03 4.499631102930E+03 6.939810430320E-03 1.048994443340E+04 1.690732463970E+23 6.906618850000E+06
1.177001860100E-04 2.435471815678E-03 1.830219750841E-01 7.395757969591E-01 5.371027379638E-02 2.125648234477E-02 4.488995035720E+03 4.494722722490E+03 6.939810430320E-03 1.048200489240E+04 1.691266124840E+23 6.906618850000E+06
1.224552735250E-04 2.437224004399E-03 1.838342827390E-01 7.399630775883E-01 5.287686265345E-02 2.088855301484E-02 4.479387143900E+03 4.484938675830E+03 6.939810430320E-03 1.046614746020E+04 1.692329665550E+23 6.906618849990E+06
1.274024665760E-04 2.439284791195E-03 1.846421645240E-01 7.403483575576E-01 5.204707635409E-02 2.052311677314E-02 4.469818081590E+03 4.475198799690E+03 6.939810430320E-03 1.045031976310E+04 1.693387886160E+23 6.906618849980E+06
1.299505159070E-04 2.440428180567E-03 1.850443662462E-01 7.405401126723E-01 5.163383676163E-02 2.034125613922E-02 4.465048574380E+03 4.470345744650E+03 6.939810430320E-03 1.044241760190E+04 1.693914893580E+23 6.906618849980E+06
1.352005167500E-04 2.442936560306E-03 1.858451261577E-01 7.409216080826E-01 5.081119912551E-02 1.997913007385E-02 4.455540741800E+03 4.460674281120E+03 6.939810430320E-03 1.042663818830E+04 1.694964480320E+23 6.906618849970E+06
1.379045270850E-04 2.444300150645E-03 1.862436164642E-01 7.411112583212E-01 5.040199700679E-02 1.979882805718E-02 4.450802935060E+03 4.455856300800E+03 6.939810430320E-03 1.041876169560E+04 1.695486968890E+23 6.906618849970E+06
1.434758699800E-04 2.447243493771E-03 1.870366443497E-01 7.414881577698E-01 4.958827332860E-02 1.943968105818E-02 4.441360984070E+03 4.446257085690E+03 6.939810430320E-03 1.040303737310E+04 1.696527106010E+23 6.906618849960E+06
1.492722951270E-04 2.450472819054E-03 1.878241660649E-01 7.418616091244E-01 4.878132373022E-02 1.908242826146E-02 4.431966045020E+03 4.436708762030E+03 6.939810430320E-03 1.038735472250E+04 1.697560478360E+23 6.906618849950E+06
1.522577410300E-04 2.452194276893E-03 1.882157725601E-01 7.420469577144E-01 4.838057023271E-02 1.890450521586E-02 4.427287060570E+03 4.431954464070E+03 6.939810430320E-03 1.037953045630E+04 1.698074510120E+23 6.906618849950E+06
1.584089537670E-04 2.455850740511E-03 1.889944959304E-01 7.424147510510E-01 4.758482656126E-02 1.855007571678E-02 4.417967889510E+03 4.422487294230E+03 6.939810430320E-03 1.036391919090E+04 1.699097028500E+23 6.906618849940E+06
1.648086755000E-04 2.459792920581E-03 1.897669906829E-01 7.427784955220E-01 4.679714455063E-02 1.819757632387E-02 4.408703014830E+03 4.413077779360E+03 6.939810430320E-03 1.034836213920E+04 1.700111838140E+23 6.906618849930E+06
1.681048490100E-04 2.461871829292E-03 1.901508113096E-01 7.429587896463E-01 4.640645330061E-02 1.802207391416E-02 4.404091934990E+03 4.408395591910E+03 6.939810430320E-03 1.034060573010E+04 1.700616234330E+23 6.906618849930E+06
1.748962849100E-04 2.466247276233E-03 1.909134173836E-01 7.433161161427E-01 4.563159211600E-02 1.767262708147E-02 4.394914547860E+03 4.399078336220E+03 6.939810430320E-03 1.032514089770E+04 1.701618775090E+23 6.906618849920E+06
1.819620948210E-04 2.470916295875E-03 1.916690689952E-01 7.436689695708E-01 4.486568451628E-02 1.732536062188E-02 4.385799664980E+03 4.389826627180E+03 6.939810430320E-03 1.030974524180E+04 1.702612670850E+23 6.906618849910E+06
1.856013367170E-04 2.473362377126E-03 1.920441971972E-01 7.438436771367E-01 4.448617457010E-02 1.715258871886E-02 4.381266730320E+03 4.385226392830E+03 6.939810430320E-03 1.030207535300E+04 1.703106261940E+23 6.906618849910E+06
1.930996307210E-04 2.478481053448E-03 1.927888809547E-01 7.441895803562E-01 4.373419287072E-02 1.680886476487E-02 4.372252033120E+03 4.376079277820E+03 6.939810430320E-03 1.028679554100E+04 1.704086503800E+23 6.906618849900E+06
1.969616233350E-04 2.481155110775E-03 1.931583663273E-01 7.443607495351E-01 4.336177470006E-02 1.663795432684E-02 4.367771138210E+03 4.371533249470E+03 6.939810430320E-03 1.027918727570E+04 1.704573065090E+23 6.906618849890E+06
2.049188729180E-04 2.486736539894E-03 1.938914508896E-01 7.446994633275E-01 4.262420331586E-02 1.629814592718E-02 4.358864426760E+03 4.362498389470E+03 6.939810430320E-03 1.026403821000E+04 1.705538848010E+23 6.906618849880E+06
2.131975953840E-04 2.492634473969E-03 1.946164601541E-01 7.450332734696E-01 4.189645880860E-02 1.596117309378E-02 4.350034040870E+03 4.353542643180E+03 6.939810430320E-03 1.024898471400E+04 1.706494556250E+23 6.906618849880E+06
2.174615472920E-04 2.495704213247E-03 1.949758527325E-01 7.451983154848E-01 4.153631898792E-02 1.579380858152E-02 4.345648547580E+03 4.349095503450E+03 6.939810430320E-03 1.024149591580E+04 1.706968526010E+23 6.906618849870E+06
2.262469938030E-04 2.502089452665E-03 1.956882494665E-01 7.455246297985E-01 4.082358858930E-02 1.546144269298E-02 4.336939096780E+03 4.340264806780E+03 6.939810430320E-03 1.022659843900E+04 1.707908488460E+23 6.906618849860E+06
2.353873723530E-04 2.508807971172E-03 1.963919137663E-01 7.458458649269E-01 4.012102517785E-02 1.513238815776E-02 4.328314510700E+03 4.331521679970E+03 6.939810430320E-03 1.021181339530E+04 1.708837543000E+23 6.906618849850E+06
2.400951198000E-04 2.512294275669E-03 1.967403922978E-01 7.460045593631E-01 3.977359115627E-02 1.496916290723E-02 4.324035086690E+03 4.327183991580E+03 6.939810430320E-03 1.020446512840E+04 1.709297879760E+23 6.906618849840E+06
2.497949626400E-04 2.519524971383E-03 1.974304878212E-01 7.463180678540E-01 3.908648302536E-02 1.464543632802E-02 4.315544035510E+03 4.318578407670E+03 6.939810430320E-03 1.018986125660E+04 1.710209976690E+23 6.906618849830E+06
2.547908618930E-04 2.523270896330E-03 1.977720443315E-01 7.464728690316E-01 3.874683321741E-02 1.448498252316E-02 4.311333220710E+03 4.314311318300E+03 6.939810430320E-03 1.018260729970E+04 1.710661660160E+23 6.906618849820E+06
2.650844127130E-04 2.531027528144E-03 1.984480267286E-01 7.467785346274E-01 3.807539994660E-02 1.416701116924E-02 4.302983014850E+03 4.305850531450E+03 6.939810430320E-03 1.016819942860E+04 1.711556109060E+23 6.906618849810E+06
2.757938229870E-04 2.539141655150E-03 1.991143089679E-01 7.470789123969E-01 3.741452874939E-02 1.385310823065E-02 4.294730663840E+03 4.297490202870E+03 6.939810430320E-03 1.015393033250E+04 1.712438422260E+23 6.906618849800E+06
2.813096994470E-04 2.543334304956E-03 1.994437418347E-01 7.472271043237E-01 3.708808070162E-02 1.369773883500E-02 4.290642152500E+03 4.293348671050E+03 6.939810430320E-03 1.014684982400E+04 1.712874937920E+23 6.906618849790E+06
2.926746113050E-04 2.551993448819E-03 2.000950532439E-01 7.475194672113E-01 3.644321192987E-02 1.339027416619E-02 4.282542360420E+03 4.285144758270E+03 6.939810430320E-03 1.013280083530E+04 1.713738511340E+23 6.906618849780E+06
3.044986656020E-04 2.561020706623E-03 2.007361131966E-01 7.478064338263E-01 3.580911480264E-02 1.308731746781E-02 4.274548032760E+03 4.277048847580E+03 6.939810430320E-03 1.011890641750E+04 1.714589244870E+23 6.906618849780E+06
3.105886389140E-04 2.565673296585E-03 2.010527332424E-01 7.479478806955E-01 3.549613113713E-02 1.293758162839E-02 4.270591337470E+03 4.273042303660E+03 6.939810430320E-03 1.011201910170E+04 1.715009712320E+23 6.906618849770E+06
3.231364199260E-04 2.575257720140E-03 2.016780257128E-01 7.482266764695E-01 3.487834451654E-02 1.264169558107E-02 4.262760689430E+03 4.265113825980E+03 6.939810430320E-03 1.009836806550E+04 1.715840683710E+23 6.906618849760E+06
3.361911312920E-04 2.585215482309E-03 2.022925556352E-01 7.484999755042E-01 3.427153357398E-02 1.235071980428E-02 4.255042729100E+03 4.257300501320E+03 6.939810430320E-03 1.008488683840E+04 1.716658155480E+23 6.906618849750E+06
3.429149539180E-04 2.590334487692E-03 2.025957239554E-01 7.486345516330E-01 3.397226966590E-02 1.220712025798E-02 4.251226880240E+03 4.253437885260E+03 6.939810430320E-03 1.007821176440E+04 1.717061749940E+23 6.906618849750E+06
3.567687180560E-04 2.600852348041E-03 2.031937493844E-01 7.488995333218E-01 3.338207679863E-02 1.192378814708E-02 4.243683161770E+03 4.245802442770E+03 6.939810430320E-03 1.006499637190E+04 1.717858501370E+23 6.906618849730E+06
3.639040924170E-04 2.606250807559E-03 2.034885605034E-01 7.490299295144E-01 3.309116875369E-02 1.178409042097E-02 4.239955968760E+03 4.242030285020E+03 6.939810430320E-03 1.005845750900E+04 1.718251597680E+23 6.906618849730E+06
3.786058177510E-04 2.617325175088E-03 2.040696674962E-01 7.492865095340E-01 3.251778229772E-02 1.150871549692E-02 4.232592582730E+03 4.234578744010E+03 6.939810430320E-03 1.004552105230E+04 1.719027082770E+23 6.906618849720E+06
3.939014927880E-04 2.628766301009E-03 2.046392760364E-01 7.495374429260E-01 3.195570671614E-02 1.123880802042E-02 4.225352716940E+03 4.227253062270E+03 6.939810430320E-03 1.003277770260E+04 1.719788097280E+23 6.906618849710E+06
4.017795226440E-04 2.634622861461E-03 2.049197155759E-01 7.496607810434E-01 3.167893756201E-02 1.110594295721E-02 4.221779912880E+03 4.223638217260E+03 6.939810430320E-03 1.002648020600E+04 1.720163106810E+23 6.906618849710E+06
4.180114153590E-04 2.646604050843E-03 2.054717631332E-01 7.499031784908E-01 3.113399127336E-02 1.084446305173E-02 4.214730153740E+03 4.216506089900E+03 6.939810430320E-03 1.001403705570E+04 1.720901991240E+23 6.906618849700E+06
4.348990765400E-04 2.658936233864E-03 2.060119040439E-01 7.501398428626E-01 3.060057482531E-02 1.058874203430E-02 4.207810280930E+03 4.209506106930E+03 6.939810430320E-03 1.000180095860E+04 1.721625848450E+23 6.906618849690E+06
4.435970580710E-04 2.665231134420E-03 2.062774618379E-01 7.502560149236E-01 3.033821821838E-02 1.046307388565E-02 4.204399824110E+03 4.206056431790E+03 6.939810430320E-03 9.995762262050E+03 1.721982075400E+23 6.906618849690E+06
4.615183792170E-04 2.678071951944E-03 2.067994605690E-01 7.504840191284E-01 2.982226450844E-02 1.021618384223E-02 4.197679388550E+03 4.199259213340E+03 6.939810430320E-03 9.983846947410E+03 1.722682996560E+23 6.906618849680E+06
4.707487468020E-04 2.684614880189E-03 2.070558662194E-01 7.505958437018E-01 2.956869002762E-02 1.009498517099E-02 4.194370008690E+03 4.195912261110E+03 6.939810430320E-03 9.977971665570E+03 1.723027640240E+23 6.906618849670E+06
4.897669961730E-04 2.697937405748E-03 2.075594052828E-01 7.508151196730E-01 2.907040255603E-02 9.857135082443E-03 4.187854400260E+03 4.189323126940E+03 6.939810430320E-03 9.966389159170E+03 1.723705170520E+23 6.906618849670E+06
5.095535828180E-04 2.711562890670E-03 2.080504738172E-01 7.510285420205E-01 2.858400607554E-02 9.625415196105E-03 4.181478258820E+03 4.182875593480E+03 6.939810430320E-03 9.955035081520E+03 1.724366865460E+23 6.906618849660E+06
5.197446544750E-04 2.718484042851E-03 2.082912931404E-01 7.511330500694E-01 2.834529526857E-02 9.511877478764E-03 4.178343201090E+03 4.179705630760E+03 6.939810430320E-03 9.949445317000E+03 1.724691716640E+23 6.906618849660E+06
5.407423385160E-04 2.732531632403E-03 2.087634293905E-01 7.513376452117E-01 2.787690473485E-02 9.289489030491E-03 4.172180508660E+03 4.173474692680E+03 6.939810430320E-03 9.938443517150E+03 1.725329314510E+23 6.906618849650E+06
5.625883289920E-04 2.746836017056E-03 2.092228053130E-01 7.515363280793E-01 2.742062973315E-02 9.073400857485E-03 4.166162869590E+03 4.167390870930E+03 6.939810430320E-03 9.927682864540E+03 1.725950629660E+23 6.906618849640E+06
5.738400955720E-04 2.754077661250E-03 2.094476763077E-01 7.516334464707E-01 2.719706294818E-02 8.967736612144E-03 4.163209114930E+03 4.164404790260E+03 6.939810430320E-03 9.922394511460E+03 1.726255129420E+23 6.906618849640E+06
5.970232354330E-04 2.768724982339E-03 2.098877258033E-01 7.518232270597E-01 2.675912432110E-02 8.761197833555E-03 4.157413040460E+03 4.158545578540E+03 6.939810430320E-03 9.912004779560E+03 1.726851714620E+23 6.906618849630E+06
6.089637001420E-04 2.776124307132E-03 2.101028826967E-01 7.519158858640E-01 2.654477335629E-02 8.660333775845E-03 4.154571230130E+03 4.155672950840E+03 6.939810430320E-03 9.906904590520E+03 1.727143762370E+23 6.906618849630E+06
6.335658336280E-04 2.791057400545E-03 2.105234115243E-01 7.520967337791E-01 2.612535867809E-02 8.463438617987E-03 4.149001302820E+03 4.150042876610E+03 6.939810430320E-03 9.896896482080E+03 1.727715278650E+23 6.906618849630E+06
6.591618933070E-04 2.806145697412E-03 2.109308358537E-01 7.522716161299E-01 2.571839132845E-02 8.273010990562E-03 4.143584561680E+03 4.144567953620E+03 6.939810430320E-03 9.887148520550E+03 1.728269911140E+23 6.906618849620E+06
6.723451311730E-04 2.813738540975E-03 2.111296147430E-01 7.523568190093E-01 2.551959835778E-02 8.180229348903E-03 4.140934213850E+03 4.141889245060E+03 6.939810430320E-03 9.882373479650E+03 1.728540856850E+23 6.906618849620E+06
6.995078744720E-04 2.829001511658E-03 2.115172741973E-01 7.525227483271E-01 2.513143657412E-02 7.999539389779E-03 4.135750667870E+03 4.136650425320E+03 6.939810430320E-03 9.873023955580E+03 1.729069935720E+23 6.906618849610E+06
7.277679926010E-04 2.844339324465E-03 2.118917024647E-01 7.526827129293E-01 2.475589245794E-02 7.825352823562E-03 4.130724718400E+03 4.131571116220E+03 6.939810430320E-03 9.863945277260E+03 1.729581845450E+23 6.906618849610E+06
7.423233524530E-04 2.852025297981E-03 2.120739453952E-01 7.527604611729E-01 2.457286977858E-02 7.740698355267E-03 4.128271339500E+03 4.129091769590E+03 6.939810430320E-03 9.859508745260E+03 1.729831333060E+23 6.906618849600E+06
7.723132158930E-04 2.867408465028E-03 2.124284771981E-01 7.529114980745E-01 2.421635399534E-02 7.576262266966E-03 4.123484699830E+03 4.124254607550E+03 6.939810430320E-03 9.850843651960E+03 1.730317324380E+23 6.906618849600E+06
8.035146698150E-04 2.882774945788E-03 2.127697316736E-01 7.530566046055E-01 2.387257838031E-02 7.418310394810E-03 4.118859353230E+03 4.119580608940E+03 6.939810430320E-03 9.842458811320E+03 1.730785949750E+23 6.906618849590E+06
8.195849632110E-04 2.890439750060E-03 2.129353814071E-01 7.531269413687E-01 2.370547840188E-02 7.341759072213E-03 4.116607555640E+03 4.117305181800E+03 6.939810430320E-03 9.838372530260E+03 1.731013733990E+23 6.906618849590E+06
8.526961957250E-04 2.905707510584E-03 2.132567372547E-01 7.532632002737E-01 2.338086822571E-02 7.193486735274E-03 4.112226404810E+03 4.112878155260E+03 6.939810430320E-03 9.830414170460E+03 1.731456223180E+23 6.906618849580E+06
8.697501196400E-04 2.913300304872E-03 2.134124509311E-01 7.533291310640E-01 2.322336127029E-02 7.121756429750E-03 4.110097295780E+03 4.110726795980E+03 6.939810430320E-03 9.826542799530E+03 1.731670922840E+23 6.906618849580E+06
9.048880244740E-04 2.928378013635E-03 2.137139764723E-01 7.534566202750E-01 2.291794523811E-02 6.983080000980E-03 4.105962531030E+03 4.106548897760E+03 6.939810430320E-03 9.819017275160E+03 1.732087228830E+23 6.906618849580E+06
9.414455006630E-04 2.943277302925E-03 2.140023478173E-01 7.535783183620E-01 2.262531754642E-02 6.850738971402E-03 4.101992914780E+03 4.102537957870E+03 6.939810430320E-03 9.811783223240E+03 1.732486088400E+23 6.906618849570E+06
9.602744106760E-04 2.950647050235E-03 2.141416229424E-01 7.536370120317E-01 2.248379224195E-02 6.786925733662E-03 4.100070189050E+03 4.100595244750E+03 6.939810430320E-03 9.808276093200E+03 1.732678985490E+23 6.906618849570E+06
9.990694968670E-04 2.965200864301E-03 2.144104067888E-01 7.537501255273E-01 2.221029511413E-02 6.663971705538E-03 4.096349075860E+03 4.096835496120E+03 6.939810430320E-03 9.801482564340E+03 1.733051747110E+23 6.906618849560E+06
